200
10000
1 380
0 -1928
3 -1928
1 -2497
0 4360
0 1512
0 3249
1 3273
3 4360
0 1233
2
4
1 704
2
3 3249
0 2371
0 6715
0 6341
3 6341
2
3 -13
0 5659
3 5650
3 5659
3 6715
0 2586
0 -2934
4
0 2109
0 4324
1 4324
0 2074
2
0 4970
3 4970
0 6970
3 2586
0 5633
3 5633
3 4324
1 456
0 4883
3 4883
1 3163
0 3540
3 6970
3 3540
0 -544
0 5657
0 6108
0 -410
0 1696
0 84
0 1758
2
0 -410
0 -410
3 5657
0 1712
2
3 84
0 -2998
0 -2032
2
0 -800
2
0 5919
0 1815
0 516
3 1173
0 -640
2
0 1816
3 1494
3 1815
0 -1996
1 -1996
0 -1421
0 1143
2
1 516
2
4
3 4397
0 -1141
3 -640
2
0 1712
0 2640
2
3 5619
0 5803
2
1 1816
0 -89
4
3 1816
0 4253
3 1758
3 5919
0 -2313
0 -2089
0 6179
3 2109
3 6179
0 1046
0 1712
3 5803
3 1712
4
2
2
3 -332
0 6623
0 2587
3 4253
3 6623
3 1046
2
3 -731
0 6410
0 6932
4
0 -2818
4
0 6374
0 675
2
0 -995
3 675
0 -1683
1 1696
4
3 2640
0 2278
3 2278
1 6410
4
0 5101
0 5182
3 3494
1 6932
0 2872
0 -1557
1 -1557
1 6410
2
3 2587
3 -1557
0 5055
3 454
3 6410
0 6875
0 -752
3 6932
0 3142
0 -886
1 5055
0 6480
0 6241
0 -116
1 6306
0 -1583
0 534
0 5055
4
4
1 3142
3 -116
3 1280
0 4925
3 6661
0 6511
0 3347
2
3 5182
1 3033
3 6511
0 -21
1 4925
2
3 4925
0 -2121
1 -965
0 -867
2
2
3 1696
1 -374
0 1563
2
3 534
0 4900
0 6413
0 1702
0 1507
0 3459
0 1111
3 3459
1 6875
1 2069
3 6374
0 2557
1 567
2
2
0 250
2
2
0 -1046
3 -1046
0 -753
0 -1181
3 6413
3 6241
0 4785
3 -2024
0 6332
0 -1767
3 -800
0 5306
0 -1334
0 -2955
0 -1507
2
0 511
3 -1181
1 3142
1 -1384
0 6677
0 -984
4
3 697
0 3347
0 3311
0 -753
0 -534
0 2074
0 5188
2
0 -248
3 5101
0 3834
2
3 2074
4
4
0 3314
4
3 6480
0 1149
0 5457
0 738
0 4785
3 3311
0 6588
3 5457
3 3142
1 511
0 4731
3 5306
0 -393
0 4971
3 2872
2
2
0 3438
0 624
0 511
4
0 -440
0 696
0 5406
0 1619
3 1702
0 6296
1 4785
0 2646
0 5372
1 6879
4
3 -1470
3 -1894
3 738
2
0 1904
0 3682
0 6744
3 6744
0 -253
3 4900
1 -440
2
3 6875
1 -1171
0 6435
3 2557
3 6677
3 6479
3 1492
0 1758
3 1731
0 -1178
2
0 -1889
0 1635
2
0 2743
3 6296
0 4313
3 5406
1 6435
0 5622
3 3834
3 1563
2
3 3682
0 312
4
2
0 -737
0 -109
2
0 6462
2
0 5259
3 5259
2
3 6462
4
3 6588
3 696
3 4731
2
2
0 -2919
3 1758
0 2831
0 3570
3 3347
0 -543
0 -22
4
3 4785
2
3 1635
0 1732
0 1913
2
3 2743
3 3438
0 5941
3 5372
3 4282
3 6108
3 5941
0 905
0 511
0 1884
2
0 -126
0 3314
1 2646
1 -2913
3 6435
0 1186
0 6314
3 6332
2
0 6700
3 -944
3 6813
0 2501
3 905
0 1904
0 5276
1 1904
4
0 2008
0 -2155
3 -2155
2
2
2
0 -2484
0 455
3 1884
0 3738
0 -2038
3 3738
3 4313
4
0 5205
4
3 2646
0 3681
3 1507
0 1732
2
2
0 2589
0 -173
2
3 5205
0 -72
3 5622
0 3943
3 3187
2
2
0 1374
0 4647
0 -2409
0 -679
0 -2709
0 -1633
0 2560
2
1 2566
2
0 -1359
3 -692
0 750
0 -1697
3 -2157
0 -1510
2
3 1619
0 5479
0 -1192
0 198
1 5479
2
0 -359
2
2
0 6312
2
0 -1483
0 5355
4
0 1988
1 -679
0 -2037
0 3310
3 5276
0 -359
3 2008
4
3 3681
0 4095
3 3314
0 5033
4
3 -1483
3 -359
1 5030
2
0 6700
0 2370
0 -2819
0 -1780
3 4647
1 1374
0 1374
1 4971
0 4808
4
2
0 1904
2
0 -958
2
2
3 2589
2
3 1988
0 2676
0 -1154
3 6314
3 4667
3 750
1 4095
0 856
2
3 5355
0 3310
0 4904
0 -1339
3 4095
0 -1008
0 5479
3 5055
0 -1822
0 6110
0 2501
0 6110
3 4971
2
3 1913
3 1904
3 2676
1 -242
1 800
1 -2353
0 2960
3 4904
0 1693
0 4741
0 5777
0 3195
0 6956
0 -2309
0 3663
0 321
0 125
0 321
2
4
2
3 2370
2
1 3663
0 2110
2
3 1374
0 2760
3 2560
3 6700
0 4215
3 5188
0 -2604
3 6110
0 -2550
3 4808
3 -2604
3 6312
0 4404
0 88
0 1732
2
4
0 5804
2
3 4215
0 5871
1 5777
0 2057
0 1057
0 -2840
3 2760
2
0 -2079
1 5871
0 5255
3 2110
0 -629
3 1693
3 -928
0 5146
1 856
4
2
0 1336
0 1732
2
3 3155
0 -945
0 2123
0 1196
1 3663
2
0 -838
3 856
3 1057
0 2448
3 2172
2
0 1971
1 4242
3 1971
0 5353
0 -689
1 1196
3 4404
0 2472
2
3 3195
0 -950
1 3943
1 3663
0 2899
0 -1834
0 4207
0 2181
0 6750
0 2181
0 1054
3 4207
0 -995
0 968
0 4831
2
3 6956
3 6750
0 6739
0 5621
3 2181
0 1186
3 2501
2
2
3 321
2
1 -1884
2
2
0 -1275
0 1343
3 5804
0 2581
1 3663
0 351
0 -1937
3 -1275
1 5674
0 6632
0 1413
3 6632
1 3218
2
3 5033
0 5354
4
2
2
3 1088
0 6536
3 238
0 1847
3 3570
1 4741
1 5354
0 -651
2
0 -1379
0 4619
0 3663
0 4276
0 2283
3 4831
2
2
0 6669
0 4827
3 1732
0 2321
0 2960
3 5747
0 -997
2
0 5938
2
2
0 -1921
4
3 4946
0 2269
0 3663
1 -1785
3 5354
0 1938
1 3884
0 -336
3 -597
3 1847
0 -336
3 2448
2
0 2456
3 6739
3 -2816
0 6060
0 6397
1 3663
2
0 4827
0 5272
0 515
2
0 -817
0 2924
1 5938
1 -583
0 -2931
3 2960
2
0 4916
2
2
1 2899
3 2057
1 4376
3 6060
0 1690
3 5871
0 1998
4
3 6669
0 4194
3 4741
3 2899
3 4916
0 -491
0 -253
0 4138
0 -2731
2
2
0 6262
0 3722
0 5354
3 6397
0 -443
0 6932
2
0 2255
0 3663
2
3 5255
2
2
0 2868
2
2
0 -1461
2
0 5062
1 6262
0 5056
0 2840
3 2868
0 -2590
4
0 5418
0 1415
1 2472
0 -365
1 5479
0 6600
3 2924
0 -601
0 2581
3 3722
1 5062
3 803
0 5170
0 -2728
0 6456
3 5056
0 5255
2
2
2
3 548
3 4138
3 5353
0 -652
3 5255
0 -1831
0 6000
0 3943
0 6738
2
0 5487
3 6600
3 5832
2
2
3 6932
2
0 4491
0 2383
3 2831
3 4827
0 872
0 5086
0 -2302
0 2126
3 6738
3 5272
0 -897
0 -2964
2
3 872
3 6536
1 6262
0 -736
0 4326
1 2321
4
3 3347
2
1 3663
0 211
0 6133
0 -1405
2
0 1036
4
3 4619
2
0 -648
2
0 6043
0 6551
3 6262
0 577
0 2194
0 5510
0 5900
0 2110
1 2194
3 5487
0 3115
3 5354
0 5025
0 3282
3 2110
0 -1749
0 -2971
0 2559
4
0 2169
0 4489
1 5025
0 -1208
2
4
0 2485
2
0 4293
0 3964
3 5621
2
1 2559
4
0 -121
0 531
3 6801
0 -2909
0 1577
0 -1887
1 6671
3 2456
0 570
3 1036
3 -648
2
3 4489
0 5120
3 2472
1 3964
1 5025
0 1509
0 4009
0 4638
1 2818
3 4009
2
3 6456
3 3138
3 -707
1 3115
2
2
0 -1885
0 4496
3 570
3 5777
4
0 4194
0 3405
2
0 -2515
3 -1424
0 4998
0 2070
2
0 6354
0 3767
3 2840
0 -2058
0 2485
0 1199
0 -1354
3 3282
3 531
3 4638
2
0 5453
0 1066
1 5086
0 6398
3 -1399
0 -1057
0 -1792
0 951
0 2070
0 -381
2
0 -2384
0 747
0 747
0 -341
0 2128
0 5685
3 -1784
0 1917
1 2321
0 4719
3 4379
0 6715
3 3405
0 1301
0 751
0 5404
0 -1125
0 6398
0 3854
1 2079
0 5578
0 3525
2
3 -1127
2
3 2581
0 2200
3 5685
0 3807
3 5062
0 2295
0 2805
2
0 49
0 -2096
1 -381
0 6058
4
0 238
0 -1837
0 -2879
0 -744
0 17
2
0 1131
0 4286
0 3708
0 148
0 2027
0 -2059
0 799
3 3943
2
2
0 3473
0 847
2
4
0 4496
0 2347
3 5120
2
0 -641
0 328
2
3 2128
3 3767
0 5453
3 5578
3 4194
1 -341
1 1577
0 4635
3 4635
3 1143
3 2347
2
2
0 3965
2
0 2662
1 1577
0 222
1 5086
0 4313
4
0 3289
3 3310
0 1847
0 1808
2
0 2648
3 1577
0 6185
4
2
3 1066
0 2519
0 2857
1 2485
0 -2976
0 2517
0 224
3 2283
0 -2604
1 5900
0 5479
0 5829
0 -431
0 -2995
0 4862
0 3827
2
0 1025
0 4150
0 2169
0 2648
2
2
0 3002
0 -2219
0 1415
2
1 6137
3 2169
0 -441
0 2805
2
3 2295
4
3 5900
2
0 5257
0 647
2
0 -2154
0 -2733
1 1199
2
0 3140
2
2
0 804
1 2857
3 3140
0 6055
4
4
4
3 4293
3 5418
1 -2575
1 -2737
1 -2319
1 6055
4
0 4925
0 -1345
3 2321
2
0 1556
1 3708
0 3008
3 -2582
2
0 -1303
0 4107
0 -2300
2
0 4523
2
0 1961
0 6670
0 6367
2
1 2275
1 747
4
3 -1215
0 527
3 4496
0 6355
0 3634
1 1961
0 1736
2
2
3 777
1 751
0 672
4
0 2016
0 -1822
3 3473
3 4925
3 -555
0 1819
3 647
3 1025
2
0 4488
0 3732
0 -552
4
0 4286
2
0 2074
3 3525
0 2650
3 4326
0 3008
1 2074
3 2126
0 3854
3 4313
0 1774
1 3115
2
2
3 2027
2
2
1 4579
0 -1757
0 3877
3 951
3 4150
0 1293
0 4641
1 -1757
0 -932
0 4862
3 3289
0 -2117
3 847
0 1792
0 3036
3 799
2
1 4862
0 1519
0 -900
3 4276
1 1131
3 -1992
2
3 2269
0 -265
3 6715
1 2200
2
0 -1859
2
0 7004
3 3965
3 6367
0 -1170
3 4314
0 3316
1 1808
0 54
1 1736
3 3036
2
0 2493
0 -1024
3 1519
4
0 -1492
2
0 4130
3 3708
3 54
0 6949
3 2016
3 5453
0 5059
2
3 4286
2
0 457
3 3732
1 5025
3 5829
0 6310
0 840
0 71
3 3663
3 6058
3 1917
0 -2657
0 5209
3 2519
0 4743
4
0 6670
3 71
0 4019
3 -1520
0 3325
0 -1070
2
0 5146
3 1509
0 323
3 1886
3 1847
2
0 860
0 6406
2
0 2384
0 537
2
4
0 1541
4
2
0 3297
0 5209
2
3 6398
3 2383
0 5127
0 -2509
3 1131
3 -2
3 6949
0 3649
1 7004
0 6185
2
2
3 5086
0 5281
0 -2488
2
0 -517
0 1682
1 -382
0 4303
2
0 2763
1 6354
3 3002
0 1615
0 6671
3 4641
0 3145
3 -98
0 -1609
3 5059
0 5553
3 4019
3 1808
3 4491
3 3877
3 1541
0 -625
2
0 5064
2
0 -2728
4
3 -1181
4
1 -2762
3 5127
0 3116
3 6310
3 3316
3 1199
3 5064
3 7004
0 3943
0 6304
3 6055
1 3854
0 5094
3 2194
0 2446
0 6185
2
0 -115
3 5404
0 -804
4
0 6295
0 4568
0 5446
0 6055
0 -1337
4
3 6000
0 -545
0 6033
0 4830
3 2950
1 2200
0 -571
0 4484
3 -1337
3 5354
3 2805
2
2
0 130
2
3 6033
0 3145
4
0 6397
3 1415
0 -2301
3 1301
0 -121
2
0 -2317
2
0 1682
3 6354
3 2070
0 6043
3 1961
2
0 5523
0 4612
3 1819
0 -1784
1 6594
3 2200
3 3171
0 1685
0 5204
2
2
3 3649
3 5281
2
0 -1693
3 5446
0 -1602
3 5523
1 1774
0 6997
0 3839
1 4998
1 3943
0 6843
1 6295
3 6355
2
0 2664
0 2248
3 3943
2
0 -496
0 5117
4
1 -1534
0 -1918
3 4484
2
0 5599
0 1163
4
4
3 5599
3 2650
3 297
0 4911
0 5402
0 4269
4
3 840
3 6043
3 1792
2
1 3867
3 6055
3 3807
0 624
0 6010
2
0 988
0 6141
4
2
0 -2508
0 3302
0 -374
3 5402
1 3634
0 4262
0 -2425
3 1685
0 3072
3 1774
0 136
0 3573
0 4727
2
0 2954
0 -1305
0 5892
0 6551
0 2716
0 -1541
0 2438
2
0 2255
1 3964
2
0 2546
0 2329
0 2401
2
2
1 3238
4
4
0 335
2
4
3 2517
0 2459
0 5082
0 6982
2
0 6561
0 6091
2
0 6329
3 4612
3 3573
3 1346
0 1551
3 2384
3 3297
0 6239
3 6133
0 3718
2
0 -2349
3 3634
0 5553
0 4568
0 5510
2
3 4998
3 2255
0 1539
1 2857
2
3 4130
2
0 111
0 4800
3 6551
3 3839
0 4138
0 -1608
0 2343
0 4240
3 2493
3 5082
3 2074
0 -902
3 6295
3 2546
1 4233
3 6211
3 4240
0 1606
3 6561
2
4
2
1 4262
3 2716
0 3377
3 -375
0 3302
3 1615
2
2
3 6329
0 3774
0 617
4
2
3 2559
0 3933
2
0 211
3 -420
3 6397
0 -1384
0 3072
0 604
0 3346
3 4830
0 3424
0 6185
3 2446
3 4325
0 1007
3 2954
0 1353
0 -2066
0 2173
1 -1394
0 -156
1 1736
0 601
0 4254
0 2763
0 3691
0 -61
0 6246
0 4221
3 6091
3 -1587
1 2662
3 2763
0 2471
3 6185
0 5367
0 -2558
0 5672
0 -1305
1 2701
0 5672
3 5479
0 -2754
1 4911
0 -83
3 6843
2
0 6531
2
0 5117
3 6671
4
1 6531
2
2
2
0 -2903
2
1 1439
1 2343
0 3454
0 -2494
0 176
0 2471
0 6996
3 2173
0 3441
2
3 3346
1 4568
3 4492
2
3 4138
0 -2738
0 4193
0 -152
2
4
1 2664
0 6491
4
0 6933
2
3 6982
3 3302
1 5513
0 -1953
0 -1553
0 1118
4
0 -754
0 -401
0 1922
3 4523
0 -2604
3 5553
4
0 3436
0 6213
0 2863
1 3718
1 176
3 3377
0 2581
0 3854
1 -61
2
0 1928
3 -83
0 -94
3 3854
3 4303
2
0 2321
0 5308
0 2008
1 605
3 1682
2
2
3 -2404
0 -78
0 3290
0 3942
0 4890
3 3072
0 4974
3 1007
2
2
1 5094
0 303
3 6246
0 4498
0 6550
0 -2212
0 5853
1 5094
0 -2603
0 5674
0 176
0 6739
0 897
0 2226
4
2
3 5938
0 738
0 -1260
0 950
1 6670
0 1118
2
3 5367
2
0 4930
1 211
2
0 1444
4
0 -1822
3 3964
0 4175
0 1035
0 -961
4
3 6997
3 604
4
2
0 -2140
3 2438
2
3 5672
0 3608
0 1604
3 2321
3 4890
3 4269
3 3101
4
0 3112
2
3 6410
0 -2075
3 4313
3 6996
0 6499
3 1606
2
3 5510
0 -177
3 5146
0 -605
4
3 539
0 -284
2
2
3 4667
0 3795
3 -61
3 -692
3 6422
3 176
0 -122
4
0 3285
3 211
0 2103
0 3933
1 6670
3 3942
2
1 6406
2
4
2
0 717
3 6739
2
0 4101
1 5674
0 674
3 6670
1 3718
3 5025
0 -2096
1 -1349
2
1 -692
1 3285
3 4719
0 514
1 2664
0 -2733
3 3691
1 -42
1 3619
3 -562
0 1782
0 -1536
2
3 2471
3 715
1 2664
0 -1878
0 241
0 3387
1 2662
0 6987
3 4262
2
0 3486
3 2863
2
0 1649
2
4
0 5734
0 2022
2
2
0 4123
2
0 -2613
3 6531
0 3610
3 6239
0 1751
0 685
0 6944
0 3290
0 374
2
0 -107
0 1079
3 5257
0 4085
0 5468
0 4549
0 -313
0 -1333
0 5173
3 -313
0 2717
0 1386
0 4092
0 899
2
0 -296
0 -1875
3 5358
3 897
4
1 1736
3 1928
3 2459
0 -725
2
4
0 -1991
0 3536
0 -641
0 4995
3 3795
0 547
2
3 1849
0 120
2
3 -641
0 4404
0 119
3 3145
3 2103
0 224
2
0 446
0 4254
0 1858
1 2918
4
2
3 3933
3 4549
0 238
2
1 4568
0 6184
0 -670
2
0 -1060
2
0 258
1 4193
2
3 4404
4
4
3 3436
0 -1110
0 6643
2
3 4995
0 3762
0 3115
0 2235
0 355
1 2226
0 -71
4
0 3308
3 4230
0 -2708
2
0 4693
0 749
3 6550
3 4862
4
0 -1796
0 -1917
0 5997
0 -2288
1 5170
0 -190
3 6184
0 5046
3 4193
0 1916
2
0 2332
0 6524
0 2598
4
0 5151
0 2008
0 5706
3 4488
2
3 3285
1 5151
0 -550
1 5850
0 5252
3 5308
3 73
0 -2992
0 -1822
3 950
3 2485
3 -71
2
3 3610
0 4878
1 -1822
0 -2917
3 5674
1 -2990
1 3827
1 -579
0 6823
1 5209
2
1 3762
1 3774
2
3 1118
0 5386
3 947
0 -1462
2
2
0 2675
0 4447
3 5046
4
0 6933
0 1
0 2478
3 -2184
0 6031
0 872
0 -783
2
0 4081
0 -548
3 5892
0 5711
4
0 -486
0 6078
4
0 3274
0 1375
0 4188
0 -74
0 -2153
2
4
3 1386
3 547
0 2857
3 899
3 685
3 2293
2
0 5548
2
2
2
1 2343
2
4
0 -1142
1 5170
3 3454
3 1782
0 3308
0 231
1 6010
3 -2443
2
0 3325
0 4221
0 -570
1 2717
0 914
0 -559
0 -41
0 1922
0 -151
3 1736
0 440
0 -881
0 2656
0 1649
3 4107
0 2336
2
0 4930
2
0 76
3 -303
0 1567
0 -371
3 5170
2
0 5150
0 1027
0 6876
3 4175
0 2622
4
0 6178
1 5094
0 2664
2
1 2008
4
3 2662
0 2743
3 2343
3 2478
0 -951
0 -2548
0 6111
2
0 -1679
0 665
0 1360
3 5853
2
3 4081
0 558
3 558
3 6178
1 3387
2
0 5610
0 -2373
0 5639
2
0 3774
2
0 -1480
0 -650
0 -1178
0 5151
0 6865
0 5759
0 6970
3 3115
0 5276
3 -2149
4
3 3774
2
3 749
3 -1707
3 5173
0 6931
3 238
0 694
3 6491
2
2
0 3193
3 880
0 1820
3 1820
2
3 6933
0 939
0 3076
2
1 4800
0 6646
1 4911
0 5468
3 2226
0 -773
2
2
3 3325
1 4743
3 3424
0 -2572
2
1 3486
0 2129
0 5567
1 914
3 4254
3 -2971
1 5468
1 -841
1 -2455
3 5567
2
1 914
0 4570
0 282
0 855
0 2023
3 1604
0 1564
0 2851
3 872
3 6111
3 3387
0 2411
4
0 -298
0 4911
2
0 5536
0 -2533
0 4863
2
0 6054
2
1 2675
0 6446
2
3 1649
0 6818
1 -2896
0 -825
0 1858
0 6612
1 5237
0 6553
1 6304
3 2857
3 6643
1 2235
2
0 -1886
0 675
3 307
3 2622
1 3112
0 5753
0 2717
0 931
2
0 5258
3 2248
3 4737
1 -1754
0 694
1 6078
0 2104
3 -701
2
0 2944
1 6637
2
0 -1461
0 3736
0 2463
0 4166
0 -2898
3 665
3 3076
0 1588
3 855
0 1927
4
3 1858
3 6823
0 2098
0 2575
1 738
0 626
2
0 2224
3 2401
0 -1792
2
0 -2838
1 3308
0 5639
0 647
2
0 5278
0 -291
3 1475
1 738
0 -1409
1 3307
0 5084
0 6660
1 6524
4
0 1864
1 2224
4
0 -701
0 2952
3 6524
0 3727
2
4
2
1 914
0 2092
3 6304
1 1916
0 6790
0 1564
0 4563
3 626
3 3718
0 5434
4
0 2056
0 198
4
4
3 4693
1 1927
0 -68
3 4727
1 1751
1 -68
0 6285
3 6141
4
0 3037
0 3644
3 3827
0 -757
0 -981
2
0 5662
1 4930
0 3366
3 -2459
0 5840
2
2
3 4863
0 -1952
0 6977
1 3644
0 5468
2
0 6649
3 1751
0 1725
1 2008
4
0 1045
2
0 675
0 5466
2
0 2979
0 1158
3 4085
3 6083
1 3308
3 1942
3 675
0 6956
0 -2716
1 1725
0 -579
0 3344
3 374
3 4166
0 6343
0 2874
2
3 6987
3 6931
1 6649
0 2425
0 -968
1 6649
0 2851
0 -2987
0 4263
0 4568
3 4101
3 2235
0 -2218
3 6203
0 1594
0 48
2
4
2
3 1027
0 3187
0 5266
0 4536
3 1360
0 6321
0 652
2
2
0 -947
3 4743
0 -2777
0 629
0 2717
0 -2795
0 181
2
1 4263
1 3175
1 3608
3 5117
2
0 5837
1 6876
0 7002
3 4188
0 1941
1 2648
3 4878
3 4974
1 -947
2
4
0 2455
0 3072
0 6492
2
0 -1590
3 5150
0 -1682
3 3308
0 2679
3 2455
3 3881
0 4035
3 2336
0 5611
0 -727
2
0 5434
0 -299
0 789
3 3441
0 5320
0 3532
0 5663
3 2022
0 198
0 2923
0 4745
0 3762
3 1564
3 4930
0 3480
3 6612
2
0 6334
0 -123
0 -1035
0 6123
0 4611
3 2648
2
3 2656
1 254
1 710
0 -2757
3 853
2
0 -2105
3 3532
0 -211
3 6956
0 5536
0 4425
0 2201
0 -234
4
3 5209
2
0 5965
2
0 848
2
3 5548
2
0 -1361
2
0 -2925
3 3274
0 3437
0 79
0 3187
0 931
3 2056
0 -171
1 931
1 5151
4
1 79
3 5094
3 1636
3 4498
0 -1037
1 2411
3 1567
0 2575
3 5204
3 7002
3 3251
2
3 5662
3 3008
0 4796
3 2979
0 3093
0 -1588
0 4274
0 743
1 3093
0 -867
3 -778
0 3023
3 5258
2
0 6442
2
3 5084
0 -249
2
0 3037
4
0 4796
2
0 466
4
1 2104
3 6660
0 3032
3 6508
0 1941
3 3486
3 4536
0 1614
4
2
2
1 3344
2
3 4570
3 914
4
3 2092
3 1725
0 6843
0 5007
1 3066
0 6367
0 -2851
3 694
3 2851
0 1077
0 -1886
3 5663
0 -1654
0 -550
2
2
0 4387
2
3 6010
0 1739
4
4
3 6492
0 -1785
2
2
3 5040
2
0 1031
2
2
0 2581
0 5753
0 4743
3 2782
0 637
3 2923
2
3 4092
3 6790
0 2869
3 5840
3 3032
0 3254
0 5582
0 5575
0 -1920
3 3608
2
3 2224
0 6830
3 1180
3 2512
0 5798
1 2743
0 5238
3 1744
0 3581
0 -1292
0 -2802
0 3997
4
4
4
0 6861
0 6989
0 3829
0 6446
3 4611
1 -606
1 1739
3 1941
3 5798
0 -520
3 1375
0 -2900
0 -1292
4
1 789
3 637
1 5276
0 5871
1 5610
1 4745
3 6499
0 3562
3 6544
4
0 2920
0 1306
2
0 -203
3 5536
3 5837
1 6196
2
2
2
1 6535
0 6311
0 -81
0 -2818
3 5871
0 823
0 5782
2
3 4563
1 6818
2
0 549
3 2329
3 2944
0 4360
0 2948
3 1306
0 4961
0 5549
0 6036
3 1444
0 4398
1 -2094
0 3366
3 4568
0 5402
0 -1129
0 6446
0 4378
2
0 4012
3 -2016
0 855
3 5007
4
1 5594
3 3997
1 939
2
0 1230
0 -317
0 5032
0 3309
4
3 5252
0 1338
0 403
0 6724
3 2743
3 2098
3 6970
0 6450
3 3290
0 5712
0 -1381
0 4282
0 -2945
0 3785
2
0 4274
2
1 5639
3 2952
0 2250
2
3 6031
2
0 4221
3 3762
0 -779
3 936
3 6446
3 -2093
0 -845
1 446
3 2201
0 1262
3 2104
3 1588
0 9
3 4274
1 2598
3 1614
0 2357
0 7003
0 1230
0 6994
3 6078
3 2357
0 241
4
0 654
0 2184
3 3829
0 -1636
2
0 -2650
3 6450
0 530
0 3308
4
3 855
0 -2512
1 1079
3 5223
3 5320
2
2
3 4745
2
0 643
0 428
3 4035
0 2003
2
0 -183
0 4281
2
3 5468
0 -364
0 -611
2
1 2030
0 -1815
0 -236
2
2
3 6553
0 5452
0 2282
0 4484
0 1472
0 1731
2
0 4519
0 605
4
0 5062
3 652
2
0 -1042
0 -1468
0 5009
2
3 4221
0 2755
2
0 -686
4
0 -2881
0 2324
2
0 -1700
2
0 5006
2
0 5782
2
0 -501
0 3316
1 1230
0 2874
2
2
2
0 3480
3 2184
0 -2711
2
3 5997
3 5466
0 6654
0 199
0 105
0 868
4
0 -276
0 3471
3 4911
3 1927
3 6818
0 -2271
0 3308
0 3381
0 6198
3 2282
3 654
4
0 134
1 5965
3 5238
2
0 -1099
1 5965
3 4447
0 -1397
0 2061
3 2411
0 4264
0 -2994
3 4961
2
0 3491
2
0 1062
0 1386
2
0 6033
0 5616
0 -354
1 5062
0 1062
1 -1144
3 2726
3 5386
3 3193
1 6406
2
0 5575
3 -276
2
3 1158
2
0 1867
0 6198
0 -1133
0 1094
3 5062
2
3 3254
3 2675
0 4739
0 6809
0 -1551
3 3727
3 6343
0 3838
0 163
0 6196
0 3206
0 5759
3 4398
0 6058
0 -1803
0 4502
1 4519
0 -957
0 5752
4
3 5402
3 -669
0 2256
0 2612
0 -418
0 4003
0 2061
0 -2205
2
1 3370
2
1 5266
0 -1458
2
1 549
0 -676
0 2946
4
0 -2653
3 -669
0 3195
2
0 -528
0 -1161
3 4003
3 6198
0 6610
0 3824
0 1031
3 6989
0 -2946
0 1079
0 -694
0 5931
3 -957
0 -2144
3 2755
2
3 4012
2
4
0 268
0 897
0 5400
0 -1456
2
0 -2581
0 3886
0 4444
0 -1705
0 6417
0 1657
3 6649
2
0 6213
0 -589
3 1594
0 6615
4
0 -2605
0 6741
0 -2015
0 565
0 -124
3 199
1 4282
4
3 643
3 3037
4
3 3366
0 1999
0 -2981
0 1617
3 629
3 823
0 -180
0 -2332
1 5616
3 1062
2
2
0 -800
0 6562
0 4976
0 2672
0 60
2
0 4895
0 -1776
0 4632
3 -589
0 -2347
4
0 -2912
0 952
3 6036
3 2575
3 2332
1 848
0 2717
0 1261
3 1079
0 2627
0 -2218
3 3358
3 4484
4
3 -2218
3 6334
0 -104
3 6733
0 4774
0 3449
3 2672
0 121
0 4442
0 -51
3 2003
3 3309
4
3 1739
0 6442
2
0 -299
0 -2634
0 2856
0 -2966
1 6417
0 5971
3 1867
4
3 4796
2
0 1472
3 5616
2
3 4774
4
0 2997
0 -1741
2
2
0 -619
3 6861
1 6843
1 4442
0 4466
3 -1161
3 3736
3 -1208
2
0 6516
3 5610
3 -418
2
0 4976
4
1 5434
1 5753
0 2473
1 6724
1 5965
0 5387
3 939
0 4764
3 5276
2
0 -2765
0 4525
0 -2198
0 5603
3 1617
4
3 5009
0 2325
4
4
2
3 3449
4
1 2612
1 6417
2
1 2634
2
0 1323
0 -202
2
0 2639
3 2627
3 3536
0 5611
0 4442
0 6927
0 -770
3 2023
0 1700
0 -2495
0 802
0 284
3 -770
2
0 4048
0 -2144
0 -777
0 1966
0 5177
2
2
3 5706
2
0 5036
0 -2786
0 -63
0 988
3 5782
3 5575
0 6828
3 1731
1 5032
0 5212
2
0 6222
0 -716
3 2598
1 -180
0 5444
3 5452
0 -2400
0 6817
3 5278
0 -180
0 5582
2
1 5923
3 1451
1 6367
3 3774
4
2
4
4
0 4651
0 -2148
0 -1096
0 4611
3 4632
3 4378
3 2256
0 -202
0 1974
0 5759
0 6367
0 5400
4
0 -769
3 6994
2
3 6562
1 4281
2
0 6942
0 4925
4
0 3316
1 284
2
0 2935
0 4248
0 3828
3 1031
2
0 3300
0 -1369
0 5471
2
0 -2098
1 549
3 3316
3 2122
0 -1506
0 2015
3 789
4
4
1 4576
0 -1330
0 -1150
0 -184
0 1545
0 6061
1 6876
0 3344
1 6033
3 5759
3 4466
3 2008
3 4895
3 2325
0 5918
0 897
0 412
2
0 3125
3 530
0 2118
1 5603
2
2
3 2463
3 -124
2
0 4819
0 3838
0 3293
3 6828
2
4
3 6058
1 -51
3 2639
2
1 268
2
0 1545
1 5032
3 6971
3 3116
3 3344
0 3360
0 4123
0 -427
2
0 6687
0 3928
3 -742
1 5931
0 4694
0 2409
3 1077
0 6830
0 6843
1 5971
1 -2917
0 -1351
3 2118
0 2249
3 5387
0 5924
1 466
1 738
3 3300
0 -2856
2
2
3 2425
0 -1376
3 -2840
0 -2483
0 -2090
4
3 6033
0 1533
0 1832
0 2155
0 371
1 6687
0 -2674
3 6054
0 4666
1 4178
2
3 848
3 -180
0 1529
4
2
4
2
0 6321
0 540
1 -2485
0 3883
2
3 1045
3 -202
4
2
0 2679
0 2509
0 -2416
0 -18
1 393
3 4677
0 -2006
0 6895
4
0 4184
0 -2930
3 3317
2
2
3 5177
3 3838
3 -2406
0 5361
0 -634
0 5934
0 1179
3 1949
1 6876
2
3 3886
3 988
3 4048
0 3888
2
3 5151
3 3195
0 4739
2
0 -953
0 6123
0 3470
3 2581
0 1721
3 4282
0 -2796
0 532
2
1 802
0 -2862
2
3 1721
0 6444
0 1890
2
2
2
2
0 2169
2
0 4479
0 6075
4
0 3025
4
0 5874
2
0 5753
0 -2152
2
3 6367
2
3 2997
1 6406
4
0 -114
0 -2584
1 6615
1 3308
0 464
0 1615
2
1 6061
2
0 -2853
0 4694
0 2110
3 2856
3 5934
2
1 6610
3 4442
3 -1467
0 299
0 2501
1 3437
0 6082
2
3 -917
3 2033
0 3157
2
0 5422
3 6927
0 5791
0 1518
0 6381
2
0 1732
2
0 2628
0 -1823
0 4533
0 1382
0 2008
3 6442
3 5549
1 4502
0 1977
0 -141
1 6381
0 4806
2
2
0 -1304
3 7003
1 3644
0 2190
0 -1979
0 2125
0 5283
2
0 1620
2
1 6876
0 -2245
3 -2245
4
0 4188
3 6213
3 710
0 5830
3 2473
3 3206
0 351
2
2
2
3 5131
3 5712
2
0 3956
0 -1100
0 1674
3 2874
0 -31
0 6334
4
3 2501
2
3 1879
3 4533
0 2909
3 3580
3 1533
0 -1848
0 -1902
3 6444
3 4123
0 5065
0 -2188
3 1966
2
1 1179
2
0 6381
3 2935
0 4150
0 -970
0 -1644
0 5331
2
3 1261
3 2628
0 -2123
3 6724
3 5753
0 4191
3 243
0 4748
2
1 4651
0 5517
2
3 3491
3 4502
2
0 1778
1 5444
2
3 868
3 6082
3 5924
1 3253
3 -1591
0 3785
3 6061
0 443
3 6196
2
2
4
0 -1765
0 3590
0 4127
3 6381
0 5274
0 5422
0 5794
0 -282
2
0 5266
2
0 6652
3 6311
3 4127
3 2125
3 2719
3 4694
3 4387
3 5517
0 5328
1 3883
4
2
0 4144
3 6654
0 4083
2
0 2087
0 191
0 5247
1 1230
3 6895
0 277
0 -2543
0 5182
1 931
3 1732
3 5971
3 4248
0 -1046
0 571
0 4283
3 6075
3 3112
2
3 5965
0 743
0 -2927
2
0 181
0 3373
0 2078
0 -1538
2
4
3 4444
0 -2835
2
4
1 3373
0 -2565
2
0 1776
0 2976
2
0 3324
0 1700
0 5006
0 -670
0 2239
0 -2536
0 4381
3 3373
0 -1820
0 -1260
3 3644
3 5734
0 3515
1 3330
4
0 -489
0 3335
0 -858
2
4
3 -489
2
2
0 6057
2
0 3195
3 524
2
4
2
0 4980
0 6238
3 952
0 3470
2
4
3 3888
0 887
3 6417
4
0 4981
0 1835
0 5388
0 1460
3 3928
0 2000
2
1 -1073
3 2190
0 -1659
1 2409
3 2061
4
3 3308
0 3739
0 2612
2
4
3 5261
0 3134
1 4611
0 -1454
0 5385
1 6876
0 3541
2
0 5422
3 6057
0 5921
0 -280
2
3 4800
4
0 2396
0 5702
0 2463
0 2967
0 6732
0 3444
0 5968
1 1525
0 121
4
0 5131
0 6920
0 4456
0 306
0 3709
1 1615
2
0 611
0 1511
0 2353
0 3192
0 -1614
2
1 2679
2
0 960
0 6123
0 1700
3 5247
0 3687
0 5946
3 802
2
0 -741
2
3 4184
0 2678
3 2869
1 1713
0 5821
1 5603
2
2
0 3785
0 4112
0 3345
0 1766
2
3 2678
2
2
0 677
3 5711
0 4188
1 3687
0 -2500
0 -664
0 2203
3 5212
0 4232
4
3 4191
0 5146
0 4023
0 6947
1 4083
0 -767
0 960
0 6318
4
2
0 4124
0 3067
3 3025
0 5554
4
3 3335
4
1 1403
3 2129
2
3 5554
0 1010
2
0 1674
3 2169
0 -79
0 6732
1 3171
2
2
0 482
1 5874
0 2575
0 2110
3 1778
3 3828
2
0 1463
0 6804
0 -596
0 6920
2
2
2
0 2094
3 4764
3 4360
0 -735
3 2717
1 4622
4
2
1 6321
3 4925
0 4123
4
3 3358
2
0 -2637
0 564
3 6318
0 3184
3 1832
2
0 2126
1 4840
2
0 4947
3 -2185
0 3165
2
0 834
1 -1877
0 6222
0 -1288
1 4178
3 3541
2
3 4748
2
2
3 5328
0 -2294
0 -2214
0 5537
0 3599
0 4348
3 6809
0 6628
3 -738
0 -2661
0 -1407
4
2
0 6775
0 4456
0 -1645
2
0 -1262
0 2262
2
0 -1553
4
0 5582
0 2532
0 6171
0 1356
2
0 209
1 1615
3 2612
2
3 5968
1 1353
2
2
2
0 6059
0 4123
2
0 1161
0 4629
0 6352
3 3125
3 2509
4
2
2
3 3562
0 2492
3 6843
3 6830
0 2121
0 -2157
0 2463
3 5931
2
3 4947
3 1472
3 -2978
2
2
1 3067
0 4739
0 1069
1 2015
1 -1906
1 1069
0 -1041
0 -2373
2
3 1835
2
0 1984
2
0 -43
3 5423
3 3581
2
0 -493
3 -2516
2
0 767
0 -759
0 -972
0 841
4
0 4430
3 767
3 6646
0 -740
1 5388
3 4381
1 3785
0 -2858
3 1890
2
0 3909
2
3 4739
0 519
0 1099
2
0 3459
0 4639
2
0 3382
1 4264
1 2679
1 1518
3 4188
0 -1825
4
1 3939
4
0 -1710
0 802
1 1230
0 3823
3 6610
0 -1335
0 5918
0 6733
0 -22
3 4819
0 2632
0 5036
3 1323
0 4283
0 1643
3 5283
3 3824
0 2850
3 3515
3 3634
0 4100
1 2250
3 6516
0 4935
2
0 2693
1 4023
2
0 6216
3 2249
2
0 3938
2
0 3807
1 6334
0 3480
3 6321
0 2412
0 -2302
2
4
0 579
3 5385
0 2854
0 1205
2
3 1776
3 2094
3 1916
3 6216
0 3984
2
1 4430
3 6876
2
0 994
1 -758
1 1375
0 4257
1 1518
1 2396
0 3284
0 540
0 279
0 -2632
4
3 1999
1 3785
1 4935
0 -921
3 3739
3 2015
3 4023
0 4367
1 5794
3 5830
1 1382
3 5036
1 3807
3 5874
3 4976
1 5752
0 -2732
0 5051
0 6282
0 -1769
0 1163
3 5752
1 4806
1 5182
2
0 2083
0 -543
3 2239
3 1700
2
0 2924
0 -319
3 2632
0 -1303
0 1766
0 -1281
2
1 5970
1 1974
1 -2218
3 2575
3 3284
4
3 540
2
0 1617
3 1620
3 5361
4
2
1 3324
0 2346
3 2976
0 3592
0 3845
0 1432
3 3909
0 6479
0 2338
2
0 6530
2
0 957
0 6539
0 4462
0 5011
0 1325
2
3 6865
0 -911
0 1821
0 662
0 -2749
1 1545
0 -1862
3 1338
0 -1969
1 -2684
0 -2605
0 -2553
4
0 6005
3 4479
3 5471
1 1463
0 -2336
0 4110
1 6134
3 2797
0 2404
2
3 6123
1 6531
3 6059
0 -752
2
1 4283
2
0 -2579
0 6361
4
0 3604
0 4566
3 -2242
1 3187
2
3 2679
0 1766
0 2422
0 5777
2
0 669
3 6733
0 2250
2
3 1674
3 6406
0 -2610
3 3072
0 1578
4
0 5012
2
0 -2152
0 4421
3 6032
3 4137
0 -1119
2
4
3 1386
1 6920
2
0 -895
0 3188
0 3140
1 2504
4
1 2203
1 662
1 4257
3 4519
2
0 2544
2
3 3687
0 107
0 3487
2
1 6530
3 3381
0 -864
0 4643
2
4
0 -2385
4
0 -1106
1 6741
2
0 5051
0 2347
3 3785
1 2909
2
1 3845
3 662
3 1984
2
0 1609
0 441
0 1396
0 5246
3 3019
4
0 3360
4
0 -134
3 6539
3 1609
0 -1750
3 3984
3 3883
3 -134
0 5240
2
2
0 4905
3 6352
0 4707
2
0 4956
0 -2606
0 -1052
1 1069
3 -467
0 -503
0 6208
3 4707
2
0 -2500
0 -326
4
3 4421
1 669
0 -665
3 4263
0 -155
2
0 1532
2
0 182
1 6817
2
0 -872
2
2
0 5196
2
3 2967
0 533
3 182
3 4935
2
0 -1318
4
1 6942
3 1821
0 5990
2
3 3581
3 2353
0 4848
0 460
0 -70
0 3695
0 4979
3 4666
3 1163
1 6182
0 -2364
0 -2436
2
0 6074
0 4281
0 6493
1 5537
4
2
0 2130
2
0 5331
2
2
0 -1798
2
2
0 -910
1 5063
4
2
1 -2708
0 2150
0 3331
3 -2109
0 -2750
2
2
4
0 -1254
0 4100
0 1688
0 1532
3 5146
3 1977
0 1707
1 -286
1 1974
0 244
1 1532
0 2693
3 5537
2
4
2
1 2380
2
2
0 -2648
0 4910
4
0 5940
0 4106
3 4144
0 3545
0 6604
3 3134
1 -933
0 6775
0 5400
0 765
3 3709
0 3187
0 365
2
1 2110
0 3646
3 4185
3 5266
0 4808
0 -2281
4
1 4639
1 4257
2
0 728
3 1532
0 -2042
1 5434
3 6652
4
0 4848
4
3 3324
4
0 6615
2
3 3459
0 5844
1 2492
3 6055
2
1 2250
3 4639
4
0 2422
2
3 4348
4
2
1 4559
4
2
2
0 6285
0 859
0 1603
3 1356
0 2181
0 -959
0 -719
3 3360
0 3598
0 6603
1 2492
0 5339
2
0 -2566
0 -1821
0 -443
1 2110
0 -1570
0 2360
3 3437
2
0 -544
0 118
1 1533
2
3 1529
4
3 4848
0 5753
0 4367
3 1511
3 3545
0 -1286
3 1603
0 356
2
0 6191
0 -1894
3 4808
0 1846
1 2083
0 1759
4
0 6007
2
2
3 3188
1 1628
3 6334
3 3845
0 2197
1 4611
3 2181
0 -410
3 2042
0 3565
0 -1054
3 3165
3 -443
1 1705
0 -1075
2
2
0 1205
3 3823
0 6348
2
3 6977
0 5143
3 6732
2
0 5769
3 714
0 -2882
2
3 3195
4
0 -2832
2
0 -2241
0 3986
1 2412
3 6007
1 -2886
0 2324
0 4952
0 -948
2
0 4371
0 4373
3 1353
0 3821
3 -1418
1 1396
0 817
4
1 -2625
4
0 2567
2
2
0 3956
0 3889
0 4613
3 1864
3 1578
3 1974
2
2
0 1020
0 -2561
2
0 5143
3 2203
0 6296
3 3331
2
1 4981
0 -1706
0 -1946
4
0 3821
0 1555
3 5331
0 2932
0 2083
0 2525
3 5702
0 5270
3 5844
1 3480
0 2678
0 -915
1 4760
0 653
3 5246
2
0 6777
3 3810
0 2165
0 3288
0 2600
3 4613
0 4544
2
3 6775
3 1643
0 416
2
0 -1911
1 5234
2
1 2353
0 298
1 6615
3 2044
3 4373
3 1615
2
0 -2807
2
1 969
0 1325
0 1633
3 3144
0 5757
0 5875
0 -2127
0 2245
2
0 -842
3 6947
3 5032
3 6282
2
2
3 1288
2
0 5004
2
3 5838
0 3462
1 6397
2
2
1 2150
0 -801
0 1863
3 5777
1 4430
2
0 5998
0 5940
0 -1385
0 312
0 2258
1 1657
0 5530
0 -1500
4
2
2
0 5051
0 -373
1 6723
3 4544
0 -1540
0 5631
0 2421
3 2130
1 5422
3 2850
0 -2797
3 3093
1 6285
2
3 5006
0 233
3 3293
0 6780
0 -1783
0 6327
2
1 -903
1 796
0 1032
0 -2361
3 2409
3 6530
0 2347
0 1546
0 4610
3 4544
3 4100
0 2525
3 3592
0 455
1 2532
3 3192
0 874
0 4323
3 6804
3 4150
4
0 -2533
3 1707
2
0 -1223
0 4813
4
3 4981
0 3407
1 1354
0 -300
3 4124
1 3821
2
0 2360
3 6944
1 3695
0 1572
3 4629
0 -2228
1 6942
3 5631
3 5946
3 1572
1 5611
2
2
2
0 -2265
0 -877
1 6942
2
2
0 3646
2
3 1922
1 4620
1 4980
0 3086
0 2735
3 5131
3 3067
0 5231
3 2026
0 1258
0 4252
3 6741
4
0 2640
2
0 614
2
0 834
0 392
3 4038
4
0 6815
3 2121
1 2567
2
1 2126
4
0 -1323
2
0 2032
3 5998
0 6260
0 6409
0 -1191
4
3 3565
3 1657
3 1613
0 3750
4
0 6005
3 6780
3 2032
0 2160
2
0 -1328
3 4257
0 6971
0 1592
2
3 6327
0 -23
0 4956
0 -2756
1 5732
0 4885
4
3 1975
3 6815
2
3 4283
0 3291
2
0 2620
0 2078
0 -888
0 -1344
2
0 2283
0 2076
1 6942
3 3382
0 4110
0 -1543
1 6171
0 5227
2
1 1258
2
0 3779
3 3807
0 -1712
0 -2780
0 1710
0 5182
0 5200
1 6409
1 3906
2
2
1 -2354
2
0 2421
3 4371
3 1710
0 1080
3 1230
1 5422
0 3762
0 5576
0 2319
0 3938
4
3 6687
1 2510
0 5348
3 2640
3 2110
0 4653
0 5465
0 5711
2
0 5350
2
0 3441
3 4112
0 6479
3 3288
0 3599
2
0 2057
0 2716
3 2076
0 4390
4
0 6971
0 -1137
2
3 2422
2
1 3470
0 -2542
0 893
0 4555
0 6285
3 2155
0 5606
3 5791
2
0 6628
0 6919
1 5071
0 4232
2
0 6777
3 2160
3 4979
3 2946
0 1949
1 1460
2
1 3938
4
0 6572
0 -434
0 2562
0 -2246
2
3 -1931
0 5850
2
3 2412
4
4
3 2346
0 847
0 4411
2
0 5359
3 5004
0 -1595
0 2841
3 6171
3 6222
3 1555
0 4400
0 5711
0 697
0 3471
0 3775
1 2245
0 1432
1 3184
0 4859
0 2739
1 2167
3 4885
2
0 5223
3 697
2
0 3451
0 6049
2
0 5217
0 6722
3 6572
0 -11
2
0 4083
0 -2927
3 2567
1 3487
3 6409
3 4555
0 6590
0 -802
0 4521
1 2909
2
3 5011
0 4331
0 5041
2
3 5388
0 -2270
0 3294
4
3 4610
3 2258
3 5990
3 5041
3 3988
3 2664
0 1823
0 5605
0 2083
1 6479
1 -714
3 3646
1 1151
0 -1740
1 1546
2
2
0 -1359
3 5611
0 -1656
0 2992
4
0 6634
2
3 6191
1 3291
0 1448
3 6361
0 2404
3 1633
3 2421
3 4264
0 -1700
3 1846
2
0 5701
0 -539
4
3 1382
0 1275
4
1 860
3 4806
1 4813
3 3187
0 5012
0 2850
3 5850
0 5919
0 2641
0 5578
1 2492
0 1781
1 3086
1 1823
0 2839
2
1 3291
4
0 -2158
3 -1659
3 1275
3 5794
1 6005
0 1350
1 2735
4
2
0 -909
2
1 5919
1 219
1 940
1 3986
0 3801
0 4360
0 674
3 3291
4
2
2
2
0 -123
2
1 5274
2
3 4910
0 1350
0 6942
0 2657
0 6972
0 1762
1 2083
2
0 -2459
2
3 5422
0 4568
1 4232
1 1545
0 1932
3 -1858
3 -978
3 3345
0 3425
0 -2966
2
0 2793
3 2657
0 -2479
0 6169
0 -1381
3 1087
0 6947
0 2585
3 4360
2
3 5444
3 2463
3 4653
2
0 5758
0 -2728
1 2841
0 67
0 -665
0 6363
3 5921
0 96
3 5875
0 1815
1 6260
0 6097
2
0 2678
0 -545
2
0 1105
2
2
0 45
0 -1873
3 665
4
4
3 4411
3 -2799
0 -724
3 6634
3 1463
0 5606
0 3575
0 5018
3 4859
0 3970
2
2
0 2750
1 6154
0 1585
3 1039
1 2909
2
0 5372
2
2
2
0 -2416
1 -1054
0 5251
0 -737
3 6074
0 2296
1 -226
1 5719
3 5182
1 1545
3 -737
1 5012
3 3604
2
3 4568
0 -2230
0 5918
3 3487
2
3 5434
3 6971
0 5159
0 6405
0 4766
2
0 5274
0 5811
0 1585
3 3023
3 2319
0 4634
0 394
2
4
2
0 2109
3 4229
0 -2486
3 -1654
0 -1796
0 -2188
2
0 2779
3 2909
3 5578
3 5606
0 -2943
0 6677
3 5940
0 -2598
2
0 6528
4
3 3425
2
3 1181
1 4743
2
2
0 -2692
0 4447
0 3741
4
1 5701
0 1286
1 5465
3 4634
3 3451
0 1518
3 6348
1 2600
3 4743
3 3779
0 -2932
3 4106
0 6080
0 5099
3 5270
0 4308
0 1778
0 3852
3 1688
0 5156
4
4
0 3588
0 5902
1 4753
1 5227
3 -2372
2
3 4643
0 -2884
1 1815
3 5051
2
0 5454
0 -2792
0 6543
0 5238
4
0 6802
0 4860
1 4980
2
3 2924
0 5314
0 1038
2
3 5314
0 1623
0 1291
3 2544
3 2347
2
0 2771
0 6629
3 1778
2
0 4404
3 4331
3 1663
2
3 6005
0 5057
0 -2983
2
0 982
3 5217
0 3540
0 5372
1 3889
0 3093
1 6404
2
0 -1594
0 496
3 6942
2
0 -1899
0 4321
0 -2169
3 6972
0 -409
2
0 6366
3 5057
1 5348
0 1924
3 6366
0 3834
3 -2450
3 5242
4
1 5603
3 2245
2
0 2262
2
1 5012
3 5400
0 -698
2
0 6552
3 2585
0 -450
0 -413
0 -2640
0 174
2
3 5985
0 1449
2
3 6628
0 4388
2
0 -124
4
0 -496
3 2165
2
0 -2102
2
0 4183
3 4308
0 4142
2
0 502
1 1924
1 4952
2
0 5578
0 3664
2
0 5026
2
0 2871
3 4447
2
3 5348
0 -1917
0 2357
0 -1716
3 2078
0 6558
3 5339
3 3986
0 5999
0 -2694
1 3956
2
0 3295
3 4456
1 2262
2
3 5758
0 5834
3 4611
3 3762
0 6395
2
0 3511
2
0 -1070
3 3140
3 4813
4
0 -2816
0 -145
0 120
0 4372
3 296
0 3297
1 6405
3 6169
0 6223
3 6552
3 2360
3 3852
0 2308
1 5999
3 2087
2
1 6395
3 2739
1 1518
2
2
3 1623
1 4367
0 1949
2
0 139
0 3773
1 6558
0 1094
1 3741
3 5576
1 3294
2
3 2641
2
0 4589
1 6528
2
1 4860
4
4
1 6947
3 1545
0 2839
1 -1159
0 5372
3 5159
3 3086
0 3232
3 3801
0 -1902
0 836
4
1 3773
3 3750
2
2
2
3 6285
3 2932
2
0 345
0 6467
0 4787
0 3470
1 3294
2
2
0 5582
0 4913
2
1 6590
3 4323
0 -2955
2
0 4517
3 2000
3 4956
0 6796
1 -2921
1 5996
2
4
1 5757
4
1 2008
0 1174
0 5023
1 6528
3 6920
0 -1912
0 2805
0 -959
0 2443
3 437
4
0 -2500
0 -171
1 2324
2
1 2750
0 -2191
3 -171
3 2771
0 4886
3 2735
3 6919
0 -497
0 1450
0 4808
0 3297
3 4430
3 2793
0 3468
3 2308
2
2
3 6615
0 -1400
3 4462
3 5223
4
2
3 -959
3 4321
3 5999
3 2839
3 2296
0 6817
0 1596
0 655
4
1 4913
0 -1151
3 5102
3 3938
0 -2445
0 866
0 -666
3 4388
0 6761
3 3470
2
3 6223
0 -2760
1 5578
4
0 1921
3 5240
4
3 4952
2
1 5026
0 3893
1 2678
3 2620
2
3 -2876
2
2
0 4385
3 1921
2
2
0 3510
1 1277
3 6238
2
0 -2046
1 -1657
0 6007
0 1951
0 5545
3 3741
3 6395
1 4905
3 6603
3 2283
0 691
3 3462
0 4105
3 6802
0 4289
0 2203
0 2632
3 5578
0 -440
2
2
3 6467
0 6448
2
0 3139
1 2950
0 -1319
1 2109
2
3 6049
3 5753
0 -820
2
0 -763
3 2562
2
3 3232
3 3407
3 5711
0 -1677
3 6761
3 5065
2
3 2779
4
3 5026
2
0 787
0 6301
0 -1
1 5811
0 -605
1 1981
4
2
3 3598
0 5238
0 6097
1 5530
2
3 4787
0 -1314
0 3666
0 2484
0 2396
3 612
4
3 6007
0 4878
0 3510
0 2083
0 2093
3 3184
3 6543
0 -704
0 6144
0 4293
0 1003
3 1951
2
0 2241
2
0 4595
3 3471
3 2093
4
0 5173
0 -1665
1 3444
3 2850
2
3 4651
0 -640
3 4808
3 2471
0 -2724
0 -2314
3 5359
0 2652
3 4905
3 5902
0 2553
0 1511
0 5757
0 146
2
3 1186
3 2854
2
0 3294
0 -1442
1 2678
0 1719
2
0 -342
1 4878
3 4589
0 2404
0 3590
3 4083
0 -1809
3 4123
3 3956
3 5757
0 2901
2
0 953
2
3 4878
0 -2482
3 2525
0 927
0 3925
0 1335
2
1 2083
2
0 6319
3 5821
3 1815
0 808
2
3 3925
3 4766
1 2008
0 1626
0 -1472
1 579
0 1286
0 2967
0 876
2
3 4289
2
0 1535
2
3 3773
0 -47
1 6590
0 1068
1 6260
0 -979
1 -1427
0 1925
0 -397
3 2678
0 5980
3 3444
0 5989
0 711
3 3295
3 2967
2
0 -2965
2
2
4
0 4517
0 4535
1 6208
3 6558
3 2532
3 1762
0 3488
0 5918
0 1358
0 6917
0 -699
2
1 5012
3 6528
3 4183
0 -920
0 2348
2
0 4080
3 6405
0 2601
3 2203
0 3193
3 2283
0 4256
0 5316
3 6069
0 934
3 2357
0 -625
0 -2709
0 3578
2
0 5918
0 -327
0 1845
0 1038
0 1156
0 -2987
2
0 6259
0 5574
3 6498
0 5151
2
1 6296
0 2355
2
1 5231
3 2596
3 3578
3 2348
0 6259
3 5227
0 -2528
2
0 3480
1 -1826
0 5980
0 2261
3 3666
0 692
0 -2943
3 6301
0 6448
3 -2600
0 -232
0 5405
3 4390
3 1511
0 -549
1 1845
0 3799
0 -1587
3 3821
0 -2272
2
0 3480
2
0 4444
0 1168
0 401
1 3588
2
0 2243
1 -2570
4
3 551
2
2
0 819
4
2
4
0 3519
2
1 2250
0 4797
3 4281
2
0 5659
0 1550
0 2596
0 2287
0 5698
4
2
3 5919
0 -2437
0 -2868
0 6260
0 2693
0 4010
0 4588
1 526
2
0 4248
0 1841
0 4323
3 4400
3 6080
3 4797
3 5200
3 6917
0 2943
3 2243
1 2338
0 1497
0 5687
1 6688
3 6259
3 927
0 -2570
0 -553
4
0 6876
0 693
1 3540
2
3 2338
1 3093
0 4680
0 4648
0 4595
0 -925
0 2443
0 -2714
0 2508
0 106
3 2241
3 1535
0 -1444
1 5918
2
2
0 2250
1 4913
0 6124
1 -925
0 -355
0 3650
0 5623
3 4648
2
0 -2750
0 -1607
4
1 6448
0 5137
0 4307
0 3140
3 2841
1 -239
0 6605
3 6605
0 535
4
1 5128
0 4163
1 876
0 -1113
0 3754
0 3230
2
0 1231
2
3 4323
3 3590
2
0 4427
0 2664
4
0 6835
0 4372
0 3905
0 2492
3 6722
0 3917
2
0 3157
0 -458
3 2600
0 2383
1 4595
2
0 4586
0 4398
3 4586
3 5274
1 3905
0 -328
3 5018
2
0 1038
3 1766
0 5737
3 3519
0 1286
0 914
0 4594
0 5659
2
3 5737
2
1 1695
1 2508
3 2652
0 1172
0 -2986
0 3437
3 3775
0 4266
0 -2780
1 2596
4
2
1 2057
0 -1070
0 3400
0 -1687
3 1552
0 5576
3 3140
0 1619
0 5572
1 1841
0 386
0 789
3 6777
2
0 2092
1 -1070
3 4669
0 -1411
0 2948
2
0 3139
4
3 5603
3 5454
0 -1830
3 6835
2
0 5400
0 -2107
2
0 755
4
0 5769
2
0 6301
0 -190
1 2632
0 914
0 6406
0 5054
0 1263
1 6260
2
3 1924
0 3582
4
3 3093
0 5804
2
2
1 5574
0 -300
2
3 4980
3 -2553
4
0 4480
1 4680
0 -2936
0 5231
3 5173
3 3650
3 2596
0 4399
0 2636
1 755
4
2
0 -1243
3 2920
3 3480
3 1841
2
2
1 4680
1 4080
4
0 4886
3 2664
2
0 3791
3 -2861
3 2943
1 3582
2
0 4545
2
0 5321
1 3836
0 -2724
3 5980
0 4773
0 2673
0 2348
3 5143
0 6699
3 4385
0 -2378
3 2396
0 5871
1 3540
2
1 6673
0 4594
3 2948
1 767
0 375
3 4886
3 5530
2
3 1263
0 1618
3 6479
3 1660
0 967
1 4425
0 3089
0 -195
0 -2675
0 -813
3 1335
0 3171
1 -224
0 3479
1 1490
0 -623
0 2434
3 -2641
2
0 5723
0 -2259
4
0 1374
2
3 5804
2
0 1823
0 3556
1 6490
3 5701
0 5578
1 1231
0 -1535
4
0 5854
1 6604
0 1929
3 4142
3 2404
3 2673
4
0 6205
3 6319
0 -1732
3 5465
2
3 1168
3 2871
3 4870
0 552
1 -2473
0 2712
1 4080
0 3437
0 4250
2
1 3479
3 6590
3 1038
1 4232
0 4149
0 1286
0 1358
3 5372
1 5687
0 6299
0 6798
0 -1258
0 549
0 188
0 3440
4
3 6677
0 3889
0 -1313
4
0 -1517
0 3257
3 876
0 4145
0 665
3 4372
1 2250
0 1170
1 934
2
2
1 3437
3 5238
0 -2764
2
2
2
4
1 3868
0 -2107
1 4732
2
0 3790
0 2299
0 6097
3 1823
2
2
0 6299
0 6595
2
0 -2630
0 1886
0 24
3 3638
3 1458
1 4149
0 1152
4
0 4313
0 5854
3 2324
3 1374
0 -2999
0 6485
0 -830
3 3799
0 -45
3 5137
2
2
0 -687
0 575
0 5507
3 575
0 2165
2
3 5231
0 -1581
1 2375
2
3 2150
4
3 4480
0 1836
0 4773
2
3 4063
0 6164
0 4590
0 -2389
0 -45
0 2108
3 5350
2
2
0 3635
0 -1202
3 2901
0 -49
0 1770
2
0 -831
3 3834
0 4823
1 2497
3 6296
0 -2472
1 1770
1 1172
3 1949
2
0 6506
0 5587
2
3 2108
3 5871
0 2982
3 6208
4
0 418
0 -2871
3 4252
3 1231
3 1170
0 848
0 -1996
0 645
2
4
0 3220
2
2
0 917
0 -648
0 269
2
3 2982
0 2166
3 3271
3 479
0 2675
3 5316
3 1003
0 5272
3 5321
2
0 2993
0 6024
0 -1602
1 3893
3 3664
0 1124
1 953
1 -1899
3 552
2
3 6024
0 -2118
2
0 -777
0 5647
3 6260
2
0 -1637
0 3191
0 564
1 6493
2
1 5687
1 4773
0 4926
2
1 -1366
0 6773
3 4105
0 -895
3 -940
2
2
2
0 -819
3 934
3 5623
0 4289
2
0 895
0 2717
2
0 6928
3 2092
0 -2452
0 -355
2
3 821
2
3 2434
3 2632
0 4780
3 3171
0 551
3 2057
3 2636
0 -399
0 1903
0 4935
0 -2605
0 -2532
3 6817
3 4232
1 5375
2
0 -1869
0 921
2
3 4935
0 5605
4
3 3257
0 -1669
0 5060
3 3917
0 -1332
0 4896
0 4517
3 1358
3 4010
0 1656
0 3841
3 5405
0 4864
1 5259
0 -563
2
3 -20
2
2
0 2792
2
3 5272
3 2553
3 4404
0 5357
3 5099
0 5798
0 6269
0 1666
0 -509
0 500
2
2
0 4477
3 4521
4
0 4831
1 6363
3 4217
4
3 2383
3 2262
3 -2686
0 -2329
3 5507
0 -1560
3 3841
4
2
1 3695
0 6430
0 1153
2
0 187
2
3 6796
3 4398
0 706
3 5196
3 6164
0 4816
0 259
1 2601
0 -1759
0 -1847
3 2083
0 4313
0 2446
0 1673
0 1895
3 6363
0 1341
3 5989
0 4570
3 -1847
0 -2473
1 3531
2
0 4143
3 5545
0 898
0 3400
3 4444
2
0 3286
1 500
1 5156
0 430
0 -1390
0 2354
3 6604
0 5060
3 1836
0 6488
3 3109
0 -774
3 1152
1 2250
3 4594
0 4394
0 5182
3 6269
0 4348
3 848
0 3100
2
0 -22
2
3 2601
0 1138
0 4389
2
0 -1018
2
3 4143
0 6033
1 2348
3 4266
3 214
0 6540
0 -2729
3 2354
0 2037
4
2
0 -882
2
4
3 5578
3 3905
0 738
3 6097
0 -1096
0 5402
0 2452
2
0 2822
2
4
3 914
0 5526
3 6798
3 1673
4
0 679
2
1 921
1 2750
0 -1518
0 539
3 -1518
3 4517
0 6492
0 1314
3 2484
0 -1589
2
0 -1774
0 1235
3 1341
2
0 -1282
0 4425
3 4293
0 -1429
2
2
2
3 1235
0 4816
0 3340
0 -1157
1 749
1 -2665
0 836
1 3791
2
2
1 165
0 6738
2
0 -235
2
0 1869
0 2947
0 -1375
2
2
3 6876
3 -761
0 5173
0 756
1 5357
3 4163
2
2
2
3 4307
2
2
2
0 2256
0 -2079
0 -1807
3 6033
3 5687
2
0 4926
0 -209
0 3910
0 484
2
3 6124
0 -1077
0 6759
0 5400
3 2197
4
0 -2139
0 6737
0 6253
3 3441
0 5587
0 -1759
0 1856
0 3026
1 1276
1 4588
2
0 -2265
0 -1610
2
3 1895
2
0 5978
0 5050
0 -592
3 1932
3 3582
0 3971
0 2321
4
3 1929
0 5868
2
2
1 2720
4
2
0 1537
1 3511
0 6245
3 4680
0 6153
3 -538
0 4472
3 6205
1 5956
3 3575
0 942
2
2
0 4570
3 4313
0 -710
0 2931
3 6245
3 6895
0 -1083
3 1153
1 1138
3 6773
0 -1567
0 2938
0 1417
2
2
2
3 3588
0 -275
0 4059
3 5582
4
1 6423
2
0 2242
0 -2083
1 6187
0 4693
3 1863
0 2037
3 2712
1 2850
0 4477
0 190
1 5605
1 4059
0 6472
0 2651
3 3540
2
2
3 1626
0 2439
3 6429
0 -1347
3 4570
2
0 2020
3 4588
3 819
3 2261
3 3556
2
2
0 751
0 5054
1 2931
3 2355
2
2
0 -1159
0 5741
2
0 -2737
0 3207
0 6144
0 -2053
3 1314
2
0 2530
3 2165
3 1903
0 4024
3 4425
0 -753
0 5985
0 1291
2
3 5156
2
2
0 3572
4
0 5873
2
0 2591
0 1405
0 5409
3 4525
1 3893
2
0 4766
0 2336
0 -398
4
3 -1060
3 6520
0 -593
0 -2126
0 3542
3 4024
0 -1374
2
1 5054
0 4817
4
0 -1822
3 4590
0 -2814
0 -2678
2
3 1596
0 5294
2
0 -992
1 4059
3 1618
1 4817
1 1607
3 5023
4
0 -1067
0 6561
1 1869
0 1172
0 3159
2
0 6765
2
2
0 -1023
2
3 2573
2
2
2
0 5089
0 -436
0 -2115
2
0 1033
3 1405
3 4831
1 -1406
2
0 -2153
3 6493
4
0 6707
1 6301
3 5868
3 1537
2
0 -1020
3 5572
1 2750
1 5251
3 -1481
3 3089
0 -414
3 2822
1 3404
4
3 5723
0 1000
3 5442
0 -345
3 3400
2
0 5985
0 6012
2
0 4804
0 3593
3 1770
1 3910
2
0 2255
2
1 4471
0 -1887
3 4325
3 2805
1 4823
3 3230
0 5452
2
3 2250
3 6506
1 5798
0 6878
3 6030
2
0 -2536
3 4780
1 6153
4
0 5811
0 -841
0 5749
0 6516
0 -1800
2
0 2699
2
1 6928
0 4043
0 4968
0 6314
1 -1749
3 3488
1 4896
3 5400
1 914
2
0 2194
0 2030
0 6978
3 5587
0 930
0 -1019
0 4566
3 4348
3 4313
0 2675
0 4059
1 5769
0 5638
3 2716
0 2197
0 4010
0 1886
0 -2675
0 2641
4
1 3511
3 3157
3 3286
3 6253
0 2591
0 -793
0 4376
0 5639
0 1
0 6040
0 -403
0 210
0 1352
0 6933
0 -2720
3 6595
3 5251
0 -2555
0 -946
1 6913
1 2287
1 1286
2
0 5205
3 4389
0 5424
2
0 -1850
1 3635
3 2693
0 5761
4
2
3 6933
2
3 3340
2
0 3367
0 6121
1 6869
0 628
1 6741
2
0 -2515
0 1529
2
0 3692
0 1617
2
0 4683
4
3 5173
2
0 4906
0 1590
2
0 -790
2
3 6561
0 1782
0 -376
3 2008
3 5574
0 2740
0 6777
3 2675
3 2348
0 6753
0 -2964
2
0 -565
3 5061
4
3 5409
2
3 189
3 1417
2
0 1088
3 3440
0 6734
0 5556
2
0 2957
0 3213
2
0 4572
2
3 3695
0 2464
0 4972
0 3934
4
2
4
1 5136
4
1 -1703
2
1 3191
0 3026
2
2
3 -1593
0 891
4
0 2782
3 2166
0 -2950
0 4254
0 6449
2
1 4407
2
2
0 2020
3 2443
3 2037
2
0 6595
0 4234
3 1619
2
0 -2803
2
3 4896
0 3843
2
1 2030
0 1124
3 3297
4
3 2699
2
3 -125
1 2299
1 5639
0 5650
0 6318
0 5489
0 -2254
3 4289
0 2593
0 528
0 1940
3 3139
1 6171
0 2987
0 1922
3 5526
1 -2845
0 2236
3 5811
3 5424
3 4427
1 4149
0 3975
0 7003
1 4781
0 2866
3 5151
0 3026
3 2492
3 2299
0 1088
1 4860
0 1384
0 -2826
1 3604
3 2641
2
1 1869
3 6928
0 362
3 3213
0 -694
2
0 2763
2
0 5627
0 4354
3 1529
0 301
4
3 6472
2
3 6299
3 5605
0 5479
2
1 4080
0 3794
2
0 6987
3 1099
0 1550
0 5352
2
3 5639
0 5804
0 1812
0 -1197
3 2287
2
0 3934
2
1 2255
1 2802
0 5612
4
0 -286
0 -2797
0 2304
2
3 3542
3 4010
0 1694
0 -273
0 1675
1 4367
0 5554
0 168
3 3479
1 3511
3 2404
2
0 421
3 2304
3 5459
0 4059
0 -2824
0 -1953
3 952
1 1940
2
0 345
1 2866
2
0 3207
3 3193
0 2050
3 2782
0 6457
0 4222
0 -173
3 2529
3 4080
3 1782
2
0 4497
0 1655
0 5382
2
3 2993
0 4545
0 -1347
0 -405
3 2591
3 4472
0 836
0 2068
3 5761
0 -629
1 2068
2
0 5879
3 1812
0 -2120
3 189
4
3 4972
0 477
3 5873
2
0 4570
3 2688
2
0 2439
0 5089
1 1666
2
2
0 1468
3 1675
0 3450
0 6671
0 2584
0 5706
2
0 -57
3 6759
0 4767
1 6505
1 5798
1 -2380
2
0 -2729
2
0 -2059
3 5706
0 1599
3 -1881
3 3889
4
0 5216
1 1186
3 6516
2
4
0 1821
3 1599
3 -1438
4
0 -617
0 4684
3 6406
0 5527
2
3 3511
0 4984
0 5388
3 5647
0 -2822
3 836
0 6488
0 4077
4
3 4378
2
0 -444
2
1 6832
3 1550
2
0 5886
0 -2239
0 4163
1 4254
2
0 4497
0 -2029
2
0 -2962
3 6430
1 5638
0 -1874
1 -1744
3 2530
0 4904
2
1 5235
1 2987
1 3207
1 4906
0 -1198
3 6121
0 -2900
2
0 5977
2
4
0 573
3 3970
2
0 -541
3 4240
0 3112
1 2651
2
2
2
3 5388
0 3926
2
2
0 3570
0 -2573
3 3754
3 5294
2
3 3207
0 -1283
3 5576
4
3 3692
0 1429
3 4913
0 4090
1 5479
3 4572
0 806
1 5494
3 5749
3 -1339
0 4663
3 3791
2
2
0 -450
0 -2657
3 6485
0 -260
0 3650
0 3101
0 3721
0 5200
2
0 277
3 3220
2
3 2947
4
2
0 3221
0 -2898
0 5291
3 4595
1 6707
0 1944
3 4697
3 4250
3 1429
2
0 -110
3 5834
3 2931
3 1279
0 5877
0 1824
0 1527
2
1 4860
1 3509
2
2
4
3 5479
1 4367
3 5554
3 5054
4
0 2584
1 6707
3 2336
0 525
1 2104
2
4
1 5798
4
0 6444
0 -820
0 1631
0 -1810
3 3910
0 3250
1 1824
0 -1808
0 895
0 -1731
3 2987
0 -1298
3 2938
0 1963
1 4864
4
3 4926
0 4823
0 -1177
0 4825
3 2792
3 5978
3 5698
3 4497
3 5402
2
0 1475
0 4648
2
3 1615
0 4235
1 4767
3 5659
3 3843
0 5329
0 5250
4
2
0 2052
3 1781
0 3314
0 2227
2
2
2
0 -951
3 4570
3 4663
0 4134
1 6492
0 484
0 5891
0 6396
3 3934
3 5329
3 -1062
2
2
3 2866
1 1334
0 4902
0 572
0 1796
0 1151
0 6373
1 5452
0 3527
0 1631
0 -896
2
3 6314
0 5133
0 6701
2
1 2584
0 -1138
0 -2591
0 -2165
1 4816
2
0 3535
4
3 4354
0 -962
3 6444
3 895
3 4566
1 3112
0 60
3 4864
3 5357
3 3450
0 -1532
0 6220
2
0 -665
3 4648
0 4217
0 -197
3 5918
0 1554
1 6301
2
2
4
3 6707
2
3 2030
3 6373
1 5886
1 6449
0 4110
0 3961
0 2522
3 4149
0 3184
3 4773
3 3468
3 6144
3 4825
0 -2721
0 809
0 160
1 5291
1 4235
3 7003
3 4248
0 1856
0 3970
3 1963
3 6318
0 1255
3 3794
0 -1358
2
3 1666
0 -1581
3 1944
0 -2730
3 4254
4
2
1 4145
0 2487
0 3305
0 2803
0 -1521
0 5877
3 6540
3 1468
3 -2457
0 193
0 747
3 5382
3 5650
1 2236
0 3488
2
0 -1295
3 6737
3 60
0 -1827
3 2126
3 6449
1 6677
0 2857
1 6396
3 4902
0 1886
3 1796
3 3305
0 -458
3 2452
0 5808
2
2
0 -2134
3 2194
3 3314
0 -98
3 4059
3 5250
2
0 -391
2
4
0 -150
0 -131
0 2217
3 3296
0 1739
0 -154
2
0 -391
3 2717
0 -1391
0 -1767
0 1494
0 749
0 2293
1 2919
0 -2002
0 714
0 2262
1 1497
3 4693
0 -53
3 5452
2
3 3926
1 714
3 3961
0 -2894
0 1499
0 144
3 1475
0 6232
2
0 6040
4
3 3721
2
3 1856
3 747
1 -458
3 5627
1 3488
3 5200
3 2020
3 1149
0 4829
2
3 4805
3 2584
0 5824
0 329
0 2653
0 3276
0 3275
2
3 -458
3 5352
1 5901
3 4477
2
3 1739
0 4624
3 3488
1 -1512
3 5133
0 1746
3 2052
4
0 2394
0 5047
3 2109
1 4377
3 3100
2
0 3549
1 5291
3 1940
0 -1997
1 695
0 1086
0 4560
0 6646
1 3198
0 2434
2
0 1783
0 -1225
3 1497
2
0 4071
3 1151
0 -1268
2
0 6297
2
3 2242
0 1017
2
3 3184
3 2068
3 4829
3 6297
3 714
0 1783
3 3655
0 4639
2
0 3442
2
2
0 3312
3 4684
3 1086
1 1255
4
3 2293
0 3734
1 2593
4
3 3221
3 6900
3 5556
1 2256
1 5050
0 5381
2
0 -1248
0 -2384
2
2
0 1604
3 5205
3 4817
0 2541
4
0 4119
2
3 6671
0 366
4
0 4006
3 1783
0 4095
3 3275
2
0 4739
3 -1046
3 5047
3 4043
3 6987
3 1925
0 842
3 329
0 1656
1 -2440
0 -2560
2
0 6734
1 3191
3 4766
2
0 -2608
0 6139
0 -2847
3 3599
0 347
3 4367
0 1317
3 2642
3 4851
3 4256
3 3572
3 -2663
2
3 6492
2
0 1665
0 2522
0 613
2
3 4163
2
3 1719
1 4500
0 6269
0 -1403
3 6629
0 6358
0 6494
3 2763
0 4487
2
3 5769
4
0 -2742
2
3 2321
0 1310
0 -302
3 6358
0 1665
0 1864
0 1048
1 6457
2
4
0 -1147
3 4816
0 3593
0 4300
0 3973
0 5612
0 1886
0 3535
2
0 565
1 -331
3 2803
4
3 2487
0 5304
4
3 -2508
0 3918
2
3 1544
0 5038
0 5644
0 711
0 5851
0 6909
1 4399
0 6130
0 -2133
3 6448
2
0 430
0 674
0 -704
0 5340
3 2197
0 1072
0 4023
4
3 6712
0 -2062
3 1617
0 5103
0 -1129
3 -1288
0 1477
0 -1513
3 6701
0 5526
1 1819
2
0 3442
3 227
0 2995
0 6662
1 3250
3 6494
3 4639
1 -852
3 4804
0 3726
0 4376
3 5103
2
1 5602
0 3535
3 2255
2
2
3 2957
0 -2623
1 4683
3 1746
3 842
0 4936
3 3294
3 4624
2
3 2217
2
0 3845
0 382
1 3973
3 2992
2
3 1694
3 4222
3 2740
2
3 6139
0 3334
2
0 1486
3 5824
3 6130
0 -2990
0 6149
0 5654
0 -1908
0 5291
0 1654
3 6699
1 5945
0 4606
0 2303
3 3159
3 6232
0 1509
3 1072
0 5825
1 4968
3 4968
0 -1932
2
2
0 522
0 6569
2
2
3 1425
3 2256
3 4217
4
0 4683
3 3650
3 3334
2
0 1499
3 5877
1 3973
3 1902
0 -761
0 -2304
2
0 1687
0 4828
3 5985
3 3437
3 3112
0 2307
0 5163
0 -1955
0 1579
0 -1480
2
0 1303
0 -1135
0 5971
3 4535
0 -1242
0 -72
1 5226
0 5454
0 5060
0 6870
3 6662
0 6918
3 6457
3 5089
3 6153
3 2439
2
0 5531
2
0 5648
2
0 -1747
3 1527
4
2
0 -2968
3 2541
3 6878
0 5977
0 -367
0 -2106
1 4095
0 1654
0 -2586
2
0 6163
0 792
2
0 -1007
0 5600
2
0 2793
1 5381
0 -1283
0 1509
0 -1041
2
0 1260
0 6222
3 3312
2
0 3807
0 4891
0 6377
1 -1649
0 -784
3 2446
3 3734
0 6453
1 5638
3 2050
0 5757
1 5841
4
0 4614
0 1303
2
3 -2419
0 4739
4
0 -833
3 1687
2
0 3510
4
2
0 5968
0 6709
0 4023
0 -2301
1 3554
0 359
4
3 6481
3 3973
0 619
0 4457
3 5798
0 2591
0 1194
4
0 -1319
2
0 4968
3 5654
0 6337
2
2
4
0 345
3 5492
0 3790
0 5652
4
2
0 -176
0 2963
3 5968
3 -1464
0 3134
3 1604
0 5366
3 5804
0 4915
3 5304
3 4376
0 741
0 2651
0 804
0 6787
0 2464
1 4915
1 2685
3 4145
0 5163
3 5757
3 1824
0 -1833
0 5359
1 892
3 345
0 391
1 3726
4
1 4915
0 6449
0 1381
2
0 818
1 3593
0 -1770
2
0 5848
2
1 809
0 4954
0 -2025
0 -2776
0 -24
0 3567
0 2942
0 1740
0 -2830
0 -1715
0 3529
2
0 4633
1 3785
2
4
0 1665
0 5153
0 3570
3 1655
2
1 3091
0 5285
0 -712
3 6488
3 2995
2
0 4089
4
0 3196
2
3 6978
0 -1678
2
0 5287
4
3 5182
4
0 5909
0 6297
2
3 1317
3 -2960
3 6220
0 5744
1 3635
0 4743
3 5533
0 4860
0 6172
2
2
4
0 1494
2
4
0 1779
0 6104
0 3893
2
3 4739
2
3 5527
0 2323
3 3621
0 -1568
0 2127
0 2920
3 2651
2
3 4077
3 -955
1 4860
0 -181
1 4633
0 4924
1 3922
0 1118
0 4969
0 923
3 2508
0 2361
2
0 952
0 6732
0 -2231
4
3 5012
3 804
0 2607
3 1590
1 5851
0 1414
0 1696
3 4234
2
3 6149
2
3 1487
0 -2030
3 6269
2
0 1997
0 -903
2
3 1554
0 5809
3 1656
2
0 5652
0 2926
0 -1859
3 4606
0 -1023
3 5287
2
3 4984
3 767
0 5038
4
4
0 1740
0 739
3 1740
3 1048
1 2323
3 6104
0 371
0 5660
3 5638
0 5275
0 584
1 2262
1 4828
3 4924
3 3026
0 4210
0 -2394
0 308
1 952
1 6449
0 -1465
0 4123
0 -3001
2
0 -2465
0 5062
0 5984
0 5777
2
2
0 1380
3 4560
2
2
2
0 3549
3 1376
0 4919
1 2361
0 187
0 -806
0 -1899
0 -1034
3 -2632
0 805
0 -151
3 4788
4
3 3567
2
0 -1670
0 -1978
0 1414
2
0 5133
0 1509
2
0 685
0 4317
3 4095
0 4071
0 -1966
3 923
4
2
2
0 536
3 6646
3 4487
2
0 4134
0 2095
2
0 -1474
1 1499
1 -1474
4
1 3535
0 2668
1 1477
0 4303
3 4860
0 -463
2
0 4919
3 2323
0 2361
4
3 3918
2
0 4076
0 2309
3 5977
3 1260
2
0 -253
0 1263
0 -817
3 5648
3 4090
3 1665
1 4919
0 1966
0 4297
1 5644
0 6290
0 6086
3 4123
0 536
3 6765
1 2267
2
4
0 1617
0 289
2
2
0 6836
2
1 5644
2
0 6597
1 3790
0 2591
3 5741
0 -2685
0 -1552
0 4418
3 5163
3 3790
0 -1087
0 5642
3 5454
0 -2563
3 3593
3 952
0 6337
1 1088
2
0 4936
0 403
0 1654
3 4303
3 2607
1 -727
0 4906
1 5038
0 4722
1 3726
0 -2640
0 542
4
0 3529
2
3 3164
3 2555
2
0 2582
2
2
0 -2203
2
0 -545
0 -472
0 1738
0 2261
2
3 1696
2
3 4683
0 2231
0 6157
0 -1366
0 2326
0 2942
2
2
0 4969
0 6532
3 6086
0 2682
0 4484
2
0 3245
0 2493
3 1779
0 -2287
3 4545
0 3997
1 1884
1 -2239
0 1631
3 1494
3 2653
0 1382
2
0 1382
0 1801
3 759
2
0 1487
3 3893
0 5425
0 2179
1 6777
2
3 1012
3 1118
0 6595
3 4915
3 5879
0 -1913
3 4399
1 3577
3 3971
0 -626
3 818
0 2685
0 5180
0 -2285
0 5486
1 6449
3 1738
0 -54
0 5365
0 1419
0 6507
3 1310
0 2772
1 4969
3 874
0 4788
3 5216
3 4006
1 3650
1 2236
3 5909
0 6569
2
3 3527
3 -2145
0 -909
3 699
2
0 6047
4
4
1 1821
3 1997
0 1967
2
0 6694
0 519
2
2
0 -722
3 4919
0 6338
3 4828
3 6738
4
4
1 5489
2
0 4020
3 1869
0 5613
3 6918
3 5808
0 3020
1 5133
4
0 -775
1 6172
2
0 575
0 -2790
2
0 4122
2
3 1419
0 -2279
1 5522
1 2857
0 509
3 4122
2
0 1340
4
4
4
4
0 3143
4
0 -2374
0 3888
2
3 6157
0 5136
0 2394
0 4875
0 3630
0 -2530
0 1386
0 5713
2
3 5886
0 -638
3 5642
0 2344
3 5366
0 3637
4
3 6870
0 -732
0 6661
2
0 1053
0 -1928
0 2258
0 6381
3 5381
2
0 3428
3 1996
0 -2884
0 -670
2
3 2685
0 -1549
2
3 6377
0 5726
0 -220
0 5863
0 2244
4
0 3990
1 2227
0 -1082
2
0 -638
2
0 648
0 -2093
2
0 1151
2
1 2464
1 2326
1 4756
0 -2844
1 6012
3 3975
3 -2217
3 1151
0 377
0 3092
1 4823
4
2
1 3414
0 1191
1 6381
1 1967
3 1886
0 2334
3 2262
3 6532
1 6507
0 4148
0 3389
3 4076
4
3 2258
0 -2913
0 6839
3 3276
0 1929
3 3191
3 1821
0 2500
0 5425
1 2668
2
2
0 2326
3 2682
3 -441
0 5903
3 3092
2
2
2
4
2
0 4372
1 -71
0 -686
1 3990
0 -425
2
2
0 914
0 1140
0 -871
3 5486
3 1053
0 3592
3 4823
3 3637
3 -546
0 3217
0 3519
3 4954
3 3015
0 5909
0 -1196
0 569
0 1462
0 -1584
4
0 2025
3 -871
0 3454
2
0 3280
2
0 -43
2
2
0 6221
1 4372
3 1477
1 6243
1 3250
2
0 1898
2
3 2464
2
1 4484
2
0 3914
3 1380
0 -2131
0 145
0 2347
2
2
3 6507
0 -285
3 2179
1 5777
0 6290
3 1864
3 6909
3 3020
3 2394
3 4134
1 5340
1 1340
2
0 -939
0 822
4
2
0 1718
3 5777
0 4703
0 4020
1 4023
4
0 6484
3 5726
2
1 1631
4
0 5192
0 2056
3 3134
3 2361
0 3791
1 6433
2
0 2334
1 1019
0 6715
2
2
4
0 -1071
0 5223
3 4767
0 4735
3 4936
2
0 -2180
2
0 -2497
0 978
0 4625
1 2236
0 1280
0 -1091
2
0 3009
0 -330
0 3549
0 5365
1 2334
3 2127
0 4214
0 5416
1 2619
0 2382
0 5192
0 4735
0 4680
1 6777
0 527
0 4440
2
0 2877
3 4484
4
0 3926
0 -1760
3 6574
1 1496
1 5489
3 3164
2
0 -2937
3 5600
0 -707
3 5180
0 -649
3 6047
2
0 4691
0 -796
3 -1988
3 6753
0 3115
1 2582
2
0 6290
0 5742
3 4214
2
0 6400
3 2522
2
3 1966
1 2911
0 -485
2
0 6889
3 3280
0 4315
2
4
1 3188
0 6666
3 4735
3 -837
0 5038
0 5825
0 508
0 4615
0 2244
0 3708
0 -44
3 -756
3 5223
4
2
4
1 4969
3 4071
0 6982
0 -1668
2
3 5553
2
3 5121
3 4743
0 5443
2
0 5945
2
0 -801
3 2231
0 2560
0 1645
0 6425
0 -534
2
0 4375
3 1255
0 5729
3 2591
0 -1513
2
2
3 6163
0 4644
1 5825
0 4089
3 6338
3 6734
0 2017
0 1513
0 2750
0 692
0 897
3 6569
4
0 5696
1 1892
3 1381
2
4
0 2382
0 4273
2
0 352
0 -963
3 6221
0 4399
2
3 3635
3 5136
3 4904
0 1820
4
3 6947
0 -2803
0 726
1 4273
0 6114
1 2582
3 6595
0 4881
1 3970
0 5442
1 4418
1 3634
1 1386
3 2582
0 5891
0 4625
3 3990
3 1845
3 5489
0 -580
3 5854
0 -52
3 5696
0 1984
3 6040
3 2236
3 2793
4
2
1 5416
2
0 -1413
2
2
3 3389
3 -1568
0 -682
1 5909
1 6114
3 4526
3 2334
0 594
1 3510
3 4317
2
0 2889
0 2938
3 2344
3 6597
0 5694
0 6088
2
2
2
0 3501
3 5291
3 5062
4
0 1116
0 -2794
1 5275
0 -2195
3 2258
2
0 -1159
0 5982
0 5202
0 5581
0 -1081
0 3070
2
3 2303
2
0 6916
3 5652
0 -1856
0 5108
1 6732
3 1462
0 2802
3 1151
2
0 1167
0 3585
0 -603
0 -116
0 1106
3 4089
1 4906
0 5717
3 6114
0 6154
3 4683
3 2560
2
3 2017
0 -1437
0 6154
1 2920
3 6916
1 3997
0 740
1 75
3 1929
3 3791
4
3 3888
3 3845
3 3519
0 2548
0 -2996
1 5443
3 1801
0 -1073
0 2554
0 5609
0 2347
0 -557
0 1762
2
1 -431
3 -1541
3 6449
1 5108
3 6297
3 4644
3 1984
0 6523
4
0 4178
1 6095
3 3250
0 1882
2
0 2289
0 1664
3 2889
0 2986
1 5340
1 6787
0 262
3 3997
0 967
0 5945
3 5379
2
1 827
3 3585
1 6579
0 3085
0 6826
0 5767
3 5909
3 2326
2
0 -1981
2
1 3501
0 -1385
1 4273
0 6129
2
0 3348
3 4300
3 5416
2
0 2848
4
0 -1814
2
0 -277
2
1 5531
0 4121
0 5342
0 5216
2
0 -2312
3 3592
0 1814
0 3148
3 6839
0 -2171
2
2
3 2965
3 2056
3 6746
2
3 967
0 -831
2
2
3 5443
2
4
0 -288
0 2857
3 1263
3 5108
0 1508
3 5531
2
3 6787
0 6546
0 4891
4
3 1487
1 4273
3 5742
4
2
0 2018
3 4399
3 750
1 6400
0 2857
3 -676
0 -2047
3 3424
0 5851
3 2815
3 1087
0 6263
0 4297
0 5248
1 5903
4
3 5066
2
0 -798
0 2314
0 663
0 -2763
0 1641
3 6088
0 2798
3 6715
0 932
0 821
2
2
0 6927
0 6690
4
3 3115
0 -2865
0 1868
0 779
0 1336
3 1958
0 -2886
1 3196
3 4210
3 4375
0 5348
2
0 5092
3 2926
3 5863
0 -1288
0 6034
1 6523
3 1579
0 5727
1 3970
3 1700
0 1117
0 5972
0 -2799
0 4020
4
4
0 -1637
3 5851
0 3164
3 1882
3 1617
0 6886
0 1340
3 3535
2
0 6256
2
0 -814
3 4178
3 6709
0 4438
1 2995
3 -1826
0 4808
1 3143
3 -1288
2
0 647
3 3501
0 4642
3 6523
1 5809
1 5825
0 218
3 1386
0 -835
2
1 4124
0 1952
2
1 821
2
2
3 5425
0 -2161
0 4938
0 5143
0 -904
2
0 2353
2
4
0 305
0 -2782
1 5182
0 -2694
0 215
3 3164
2
0 5561
0 6977
3 4680
3 1303
1 727
3 -44
3 4633
3 4703
0 -272
3 1508
3 821
0 1101
0 1414
3 6256
2
0 6657
0 1394
3 2353
4
4
3 3570
3 -247
0 -652
0 2736
0 -1648
0 6661
0 4162
3 5809
3 3367
0 1193
0 2434
3 1664
0 5462
0 4457
0 -530
2
2
2
2
3 -736
0 -1096
2
2
0 -1254
0 2157
0 2580
0 4186
3 2554
0 892
2
3 -1443
2
0 6392
2
0 2891
3 1486
3 6301
4
3 3143
3 2347
0 -1893
1 1654
1 1898
2
3 5285
0 -1329
3 6982
0 -1256
0 5211
0 861
0 2056
0 5459
0 3406
3 1952
3 5143
3 5609
0 -417
0 3549
2
3 3549
2
3 5340
0 -2460
0 -2010
2
0 4607
0 1336
0 2497
3 4969
4
0 1512
0 3630
3 1596
0 -1938
2
1 3807
0 6666
3 1533
2
1 2227
0 473
0 3974
3 2750
0 1546
0 4315
1 4614
0 4762
3 4244
0 6927
2
4
1 3023
1 5359
0 4274
1 2124
1 1382
0 189
3 2963
0 4792
3 -1137
3 1382
0 -2051
0 712
0 6830
0 -2704
3 1340
2
2
3 3958
2
4
0 712
4
1 -2095
1 5133
0 417
3 1898
0 -1690
0 6547
3 4110
2
3 5348
1 6396
0 46
2
1 5613
0 4842
3 2938
4
0 311
0 2671
0 824
0 3558
0 -2980
2
2
3 5092
0 1345
0 -2030
4
1 5526
2
3 6889
0 -1565
0 3478
0 3883
3 1345
0 5443
2
0 4484
3 892
0 6592
1 4808
3 5744
0 -2272
2
4
0 5342
1 2360
0 -78
1 5972
3 6290
3 4186
4
0 1966
2
3 1512
2
3 5561
2
3 4545
2
2
0 -119
4
2
0 408
0 6547
3 2668
1 2261
0 2411
3 4023
0 3199
1 5751
4
0 2848
0 838
3 1868
1 5128
3 6392
0 176
1 5727
2
0 6657
3 4891
2
3 5644
2
0 3745
3 3745
3 3085
3 4020
3 4642
1 4119
0 2741
0 -2461
3 3245
0 -1821
0 387
4
1 3101
2
2
1 6269
3 4691
3 2942
0 57
1 1041
2
3 2056
3 3217
0 -519
0 -1167
3 5459
3 2261
1 3068
0 6126
3 4394
0 -70
0 -833
4
2
2
0 -1487
3 6830
4
0 932
0 3807
2
0 -2889
3 1820
3 2736
2
0 6112
4
3 4625
0 3379
0 1436
1 5945
1 4119
0 -2177
3 3070
0 4908
3 6732
3 3883
0 -2980
0 -1314
3 5847
0 -937
1 -2827
0 -547
0 1193
3 1967
4
0 -2706
0 6694
4
3 6547
2
0 -2033
0 6594
2
0 5238
0 -547
3 4908
0 2465
3 3442
2
2
0 1534
0 6148
3 4440
2
0 4393
0 2143
1 3478
0 390
2
1 6666
0 221
3 6154
3 2465
1 3926
0 4630
0 -295
3 5238
0 2864
2
0 218
0 6280
0 2076
0 -1090
0 -1841
2
0 1963
3 4273
3 4881
0 -2643
0 -1977
0 5386
0 4162
1 2095
3 4875
4
0 887
3 3807
3 6129
0 -12
3 4607
0 171
3 468
0 6551
0 -1511
0 -70
0 2686
0 4905
3 2864
2
0 49
1 2772
0 5749
2
2
0 3653
1 3708
0 -270
3 5717
2
0 2188
0 1692
1 2434
2
1 -270
0 1808
0 6681
4
0 5153
2
0 2292
0 6116
0 2770
0 3937
3 4484
0 1849
2
0 3317
0 4213
4
2
2
3 2289
1 2967
0 3513
0 -1590
3 4393
0 -2862
0 5729
0 6010
2
0 3840
0 3965
1 6484
1 6927
0 6686
3 6172
4
0 -1985
3 4722
2
4
0 2202
0 65
3 1101
1 1336
2
0 3994
2
3 5443
4
0 -808
3 3691
1 5038
3 5749
3 1808
0 3121
2
0 6055
2
0 -2640
1 6010
3 1414
3 5982
0 2997
4
0 -1955
2
1 5903
0 1501
0 6612
0 1658
3 5211
4
1 1718
2
0 4968
3 2025
0 3863
1 5912
0 -1851
3 6551
0 -357
2
4
3 6826
2
3 2593
2
1 2076
2
0 2779
0 3995
4
2
3 4121
1 2188
0 4952
0 6499
2
3 5660
0 -2067
0 3396
3 6657
3 6337
3 5713
4
3 4162
0 6870
3 6148
2
3 5891
0 -199
0 1319
3 1966
0 1955
2
2
4
0 4438
3 4297
0 4972
1 6694
0 -12
2
3 886
1 4972
3 2891
3 1360
1 6484
0 -1077
1 408
3 5060
2
2
4
0 -29
0 -2330
0 -2203
3 932
0 -2055
0 2798
3 1501
3 4792
0 2111
1 1762
0 2382
0 -1312
0 -2643
2
2
2
0 3565
0 6145
0 6112
2
3 2671
3 4788
0 -977
2
3 3994
2
1 6870
0 3365
0 1759
0 2964
0 -2650
2
0 3753
3 1257
0 -563
3 4447
3 6690
0 4479
1 4119
4
0 -1217
3 2076
0 5757
1 6453
2
3 5365
0 2857
3 1645
3 5078
3 1762
0 6546
2
0 2920
2
3 1499
0 229
0 1034
0 3707
3 313
0 -2242
3 4479
1 6542
2
0 -2179
3 5090
3 5971
3 5202
0 6289
0 3406
0 5842
0 -1748
0 -2009
0 -1189
4
3 2314
3 -2856
0 5596
2
0 -284
1 3708
3 5972
0 -819
3 3477
4
2
0 445
2
0 2169
2
0 1598
0 6178
3 4011
0 1875
3 6886
0 2779
0 3361
2
3 5462
1 6666
2
2
0 -1663
0 4295
0 173
3 1814
3 3565
0 3140
3 1641
2
2
2
2
3 3753
0 3440
0 3553
3 3454
3 -2291
0 2207
0 80
3 1631
1 4148
0 -446
3 5757
2
2
0 6574
2
2
2
1 5038
1 5800
3 6484
1 2798
3 -2909
2
0 1695
1 4457
0 -2147
2
2
2
1 1087
0 4214
3 2686
0 -187
3 2664
0 -1289
1 2202
0 -231
3 4080
0 1395
3 3428
3 2964
0 -387
3 6661
3 3840
1 1534
4
0 -714
0 918
3 2772
0 293
3 3101
0 2705
1 -1052
0 -2744
0 3793
4
4
0 -966
3 2202
4
0 2411
0 1720
3 6546
1 6881
4
0 3513
4
1 780
3 5196
1 3379
0 2904
3 4952
1 5275
2
3 4905
4
3 -2796
3 5945
3 6055
0 -990
3 2877
0 1518
0 5848
4
0 -2941
3 1654
0 3809
3 5767
3 6694
0 -2154
0 6014
0 -2591
2
1 2143
0 253
1 3510
0 6190
3 -1182
3 6977
3 -958
3 1922
2
3 2111
0 1319
0 -1219
0 1449
0 -1940
4
0 5437
0 1875
3 3379
3 2548
3 3196
1 6133
4
3 2580
1 4701
2
0 -2781
1 3121
1 2227
2
0 3245
3 3478
4
3 3827
3 4842
4
0 -2174
0 -501
1 -387
0 -1306
0 3607
2
0 4746
3 4274
1 2493
0 5395
1 4119
0 6400
2
3 2571
2
0 199
0 -224
4
1 6014
3 1518
0 6014
0 -1057
2
1 -2921
0 6968
0 -1637
3 6178
0 2719
0 1082
2
0 2394
0 4529
0 5041
4
3 2095
3 1082
1 3970
2
2
0 -834
3 3148
3 4315
3 2493
0 5055
0 4816
0 3473
0 -714
0 3863
1 -1653
3 1658
1 2497
4
3 2741
0 6686
0 5870
3 3914
3 6887
0 -1445
3 4808
0 378
3 -966
2
4
3 5038
2
0 2114
0 5360
2
0 4293
3 3726
0 1940
0 6627
0 896
2
0 -33
0 6145
0 102
2
0 4565
0 662
4
2
0 -385
0 3317
0 6340
2
0 -1478
2
0 -2656
0 3315
4
0 4098
0 -2019
0 1305
0 6451
3 2848
3 1305
1 2719
3 6451
2
0 415
1 4529
1 2244
0 3835
0 4098
3 -615
4
1 3513
3 5526
0 3554
0 4656
0 -1346
0 4758
2
0 -2517
3 6381
2
4
2
3 6012
3 3245
1 5395
0 5687
0 -1988
0 -409
0 5891
0 -1088
0 6884
4
2
3 2143
0 6751
0 4756
1 4214
2
4
2
3 3199
3 1720
3 4293
0 -2372
3 2394
0 3216
3 4746
0 -2656
0 -2115
0 -2730
1 2705
3 -224
0 4545
0 6673
3 6034
4
3 3995
0 1012
3 392
0 6829
0 2382
3 1695
0 -1896
0 5641
0 5348
3 1509
0 568
3 4235
4
3 2779
3 4372
0 -2563
0 -1511
3 -2730
3 3440
2
2
0 -2714
3 4529
3 662
0 2161
3 3317
3 4565
0 1315
0 3353
2
0 534
0 6775
0 -324
3 4438
3 -2372
2
1 3282
0 -1542
3 5652
0 2515
0 102
0 6569
2
0 -2325
0 3097
0 549
0 -321
3 378
0 3604
0 2101
3 3529
3 5406
2
0 4305
2
0 2018
2
0 6761
3 6263
3 2904
3 6116
2
0 1593
1 3216
0 -131
1 1593
3 1319
0 5641
0 3440
0 2027
0 4295
0 -1156
0 -2085
0 6751
2
0 -663
4
0 -2629
0 -1895
0 2833
1 5729
1 1315
3 6126
0 6681
1 2380
0 1764
3 6289
0 4295
0 1011
0 6570
0 5950
2
0 -702
3 2705
0 6117
0 5696
0 3369
1 -929
0 -1184
0 2719
0 -1242
3 1956
4
0 224
3 -231
0 3835
3 5825
4
0 -644
0 1158
1 1598
1 5050
3 5342
3 -969
2
0 2028
0 2629
2
0 2170
2
3 2382
3 600
3 6870
0 3684
2
0 6667
2
1 4418
0 206
2
0 4124
4
3 1261
3 1955
0 5601
0 -1958
0 5633
3 6145
3 2997
0 1929
0 -651
3 3974
0 1011
0 3521
3 4615
0 3075
2
3 3216
0 -497
0 6882
2
0 -759
1 3140
3 3513
0 1314
1 6574
2
0 -157
2
0 -1363
3 -2528
1 3353
3 1598
0 6845
2
2
1 1593
0 3847
3 5386
3 3406
3 5870
3 3009
0 1546
2
0 4436
0 1458
0 2027
2
0 1178
4
3 3684
2
3 5133
3 3965
2
0 -1155
0 3369
0 -2318
2
3 4630
3 6425
2
3 2629
0 3630
0 -979
1 253
2
3 2188
1 6232
3 3793
0 2377
1 3396
0 2259
0 5330
0 5546
0 2404
0 -224
1 981
3 1875
2
2
3 4457
0 3075
0 3440
0 6230
3 5581
0 4347
0 4418
0 -1923
0 1933
0 2192
2
0 6660
2
0 2292
0 6222
0 -1883
2
3 -30
3 2833
2
3 6014
0 2731
3 4124
0 2169
2
0 1546
0 -784
1 5050
2
0 -1340
3 6340
0 6488
3 6569
3 6660
2
3 2404
3 1395
0 180
0 -2835
0 6476
3 4098
3 6222
0 6124
1 6882
0 -893
3 5437
3 5694
0 924
3 -2216
3 1315
0 5192
2
1 6099
3 5216
1 6592
0 3970
0 -7
3 4758
0 6753
1 5633
4
1 3097
0 6126
0 -680
0 6667
3 5050
3 6280
3 2192
1 2377
3 5982
4
2
1 2377
3 2434
0 3650
1 5360
0 3809
3 5545
0 3558
3 5891
0 6338
0 -432
0 5283
0 4912
0 3108
3 1649
0 -799
3 5903
2
0 130
0 4757
0 5194
3 4756
0 5554
1 6126
0 -1741
0 4382
0 6753
3 6884
3 5360
0 1913
3 1933
2
0 -2122
3 549
0 3106
4
0 -1930
2
0 -2782
3 5848
0 6817
1 -2945
0 -2911
0 6932
0 3978
3 5192
3 4860
4
0 3863
2
3 224
4
0 4369
3 3396
0 -2209
0 -1880
1 6338
3 6259
1 6338
3 -2218
3 3926
1 4762
0 4549
3 2548
0 1320
3 6499
0 4032
1 2207
4
0 128
2
1 3315
2
0 1234
4
0 -1632
0 331
0 4555
0 2976
4
