20
100
0 5177
3 5177
3 6108
0 4484
0 825
2
1 4484
1 4484
3 4484
3 4878
0 4202
0 2068
0 5110
0 2180
2
4
3 2180
0 -629
1 -629
4
1 -629
0 5285
0 4628
2
0 6909
2
0 2436
2
0 -1579
3 5285
0 6909
0 4065
0 6909
0 -847
2
4
3 4628
0 -1674
2
1 5110
0 -19
0 6183
3 -847
2
2
0 6909
0 -2485
0 612
0 4254
0 -2556
2
1 4309
2
0 -2709
0 -574
3 -574
4
4
1 5110
4
3 6183
2
0 3874
0 4286
4
0 6201
3 4254
3 6752
0 4569
1 4286
1 612
0 3417
0 -1215
3 5110
0 -842
2
1 4925
3 3417
0 5089
0 -1624
0 4569
0 -1547
2
2
0 4951
2
3 2968
0 -172
4
4
0 -429
3 -172
0 5502
2
0 6201
0 -1925
0 -1627
0 1412
0 6178
4
