5000
300
1 1683
0 2090
0 -617
3 2090
0 -2639
3 -2639
3 -617
0 -1142
3 -1142
0 -711
3 -711
3 3050
0 4181
3 4181
3 4008
3 4422
3 3512
3 2617
3 -2087
0 2416
0 6851
0 3829
2
0 6611
3 6611
0 6136
3 6136
1 6851
2
0 6321
4
0 6809
0 -828
1 172
4
4
3 -828
3 6809
3 6851
1 6884
3 6321
3 -1891
0 5437
0 2425
0 4196
2
1 5437
3 5437
3 4196
3 -2038
3 988
0 -2340
3 -2340
0 2718
0 3766
0 1722
2
0 -1507
3 3766
3 4050
2
0 -157
0 5582
3 -157
0 3344
3 5582
4
0 6950
0 891
0 2386
1 6950
0 6456
0 -1115
0 -2972
2
0 -1142
1 6950
1 891
0 4306
0 944
0 705
3 -1115
1 944
2
2
3 6456
2
0 -1715
0 2718
0 4636
4
3 3344
2
3 4306
4
3 2718
3 6755
0 678
2
3 280
0 5980
4
3 2386
3 5980
0 -1537
2
1 6950
0 -36
3 -36
2
0 1679
2
2
0 5288
4
3 6950
1 5288
0 5300
0 -90
3 -90
0 5768
0 6988
4
2
0 6320
0 2105
3 6320
2
0 6988
1 -152
3 5300
0 -1879
3 5768
0 6988
0 1271
2
3 6988
0 4721
0 6073
3 6073
0 -457
0 1398
3 4721
3 -457
3 1271
3 1398
3 1258
0 5925
3 5925
0 193
3 193
3 5713
3 3241
0 294
0 3443
2
1 3443
2
0 3496
1 4381
4
0 6912
1 3496
3 3496
0 5270
2
1 6912
0 6953
3 6953
0 1740
2
3 6912
1 -2780
0 6052
0 4393
3 6052
3 4393
0 -848
0 2252
3 -848
2
3 -1194
0 423
1 423
2
1 6
0 -2649
1 -2649
2
0 -288
3 -1150
0 -532
3 -532
2
3 -442
1 4001
3 5245
0 4959
0 4058
3 4959
0 4058
3 -1394
0 2230
0 -1516
2
0 -1574
0 5228
2
3 5004
3 4058
0 5674
0 6908
0 4414
3 6908
0 6724
3 5228
2
0 3331
3 -2455
3 3331
0 4402
0 4402
0 5805
3 5674
2
0 243
0 4414
0 5709
0 1731
0 -1652
3 -1652
4
3 243
3 4414
0 1931
0 5077
2
0 5022
0 -2503
0 3832
0 6459
2
3 3832
0 5805
0 4511
3 4511
3 1931
2
0 2124
2
3 6459
2
0 6724
0 376
3 376
0 2817
0 69
0 3386
2
0 5506
3 3386
0 -1916
0 1966
3 5805
3 5709
0 -1926
4
1 4792
0 3437
4
0 4380
3 5506
4
0 975
2
0 2068
1 5734
0 1266
3 2068
0 1042
0 -1149
0 6135
1 -297
3 1042
3 4380
4
0 5042
1 3274
0 4930
0 -2394
2
3 1966
0 -1679
3 3437
0 156
1 975
0 -2745
0 -1459
3 975
4
