30
10000
1 -88
3 1224
0 5996
0 3224
2
0 5613
1 5996
3 5613
0 -2090
3 -2090
3 5996
0 -670
0 -670
0 1166
3 3287
1 1166
3 -670
3 1166
0 2317
0 -2778
3 2317
3 -2778
0 3555
3 3555
3 6101
3 -344
3 -1248
0 4350
0 1257
0 843
0 1760
0 1629
1 4673
1 1629
0 5166
4
0 5166
3 4350
0 5166
0 802
3 843
1 1760
0 508
0 1885
3 508
2
0 3617
3 3617
0 5077
2
3 1629
4
3 5166
3 5077
0 1885
3 1760
4
0 5665
0 6130
3 1885
0 2356
0 4868
0 3339
2
3 6130
0 -2253
3 -2253
0 2031
3 5665
3 6779
0 2031
0 5438
0 4957
0 5438
0 2675
3 3339
0 6884
1 2675
2
0 -2183
3 2675
3 5931
2
2
3 6884
0 2195
3 5438
1 2195
1 2195
0 4610
0 4957
3 4610
1 4957
3 4957
0 -1184
2
3 2195
3 -1504
0 -2073
2
0 6876
2
0 -1913
0 2182
0 4720
1 2182
1 2182
0 -1411
0 -400
2
4
0 -2602
0 2834
0 2834
0 -2193
1 2182
0 -493
1 -493
0 4681
3 -2602
1 -493
3 -2193
2
2
0 3261
0 3349
0 5619
0 6475
4
0 5745
0 4036
0 -678
3 4720
0 4869
4
0 590
0 -855
0 -276
4
1 2834
0 6420
3 590
0 610
1 4088
0 -1887
3 5745
1 -855
0 2863
2
0 508
0 221
0 2106
0 3951
0 6539
0 6101
2
1 -400
3 2264
3 2863
2
0 6180
4
0 1434
3 2834
3 4011
0 5378
0 -2594
0 1944
0 -1759
0 1838
3 610
0 6101
3 4036
3 2371
0 -108
2
0 6359
0 -230
1 -108
4
0 3053
3 -1759
0 -210
0 1415
3 2182
0 3354
0 6539
0 3743
3 4681
0 1434
3 1415
0 513
3 2134
1 1944
0 6590
0 478
4
3 1944
0 -2267
0 2373
2
3 4869
3 6180
0 2038
3 3743
0 1458
0 -1698
0 498
3 846
3 6590
4
2
0 6511
2
0 4953
3 6420
3 478
0 -991
0 6760
2
3 534
0 -2221
0 6485
3 2373
1 2038
3 508
2
0 5659
3 6475
0 6691
0 2985
0 570
3 -1141
2
3 513
0 3561
0 2829
2
2
2
4
2
3 3354
0 5146
2
0 -279
3 2829
2
0 1228
1 -2359
0 114
3 5378
1 114
3 5146
3 1838
2
4
0 4717
0 -2249
3 1434
0 4062
1 4717
0 4918
4
0 6284
2
4
0 4953
0 2106
2
3 598
3 4062
4
1 6539
2
0 -2495
0 -1797
3 3951
4
0 3694
0 -106
3 6306
0 5655
0 3950
0 2038
0 -802
0 5619
2
0 3189
3 3261
0 1419
2
2
3 1419
0 5489
0 809
4
3 2106
0 -2443
0 5659
4
0 1489
0 4289
2
0 -2300
0 3561
0 -648
2
0 3885
2
1 6539
2
3 4142
1 2985
0 -1998
1 4717
0 -794
3 5655
3 4289
0 2921
0 -2188
3 -1719
3 -1998
3 1838
3 2038
0 -1541
3 6760
2
2
0 5881
1 -1306
4
0 -1626
0 4583
3 1813
0 -1672
3 5881
0 4523
3 3053
0 -2037
3 3189
0 4683
3 1170
3 6691
0 -1926
4
1 1842
3 3349
2
1 4523
0 3342
2
0 -2806
0 -2806
0 3324
3 3561
0 -712
3 3885
2
0 -458
0 3749
2
0 6597
2
3 809
3 6359
0 6848
3 6101
0 -2839
2
1 4683
0 1458
3 6511
1 4583
0 2347
0 1458
0 5659
4
3 467
0 -161
0 2962
2
0 6848
0 4953
0 -179
3 1458
1 3694
0 -1272
0 -171
2
0 2366
3 2347
1 3342
0 1575
2
3 4523
2
0 4764
0 3531
3 5619
4
0 6062
0 445
3 4555
3 6062
3 879
3 6848
0 5876
3 3531
2
2
0 6284
0 -1144
0 1265
0 -930
3 3342
1 4918
3 1265
0 5285
0 4650
3 -930
2
0 1075
2
0 3961
0 6055
1 2366
1 4918
0 -2745
3 4918
0 -1362
1 5659
2
1 2962
3 4764
0 5644
0 -2249
4
1 4500
2
3 -37
0 -2162
2
0 4630
1 6539
3 3694
3 -2673
1 1489
3 6284
2
1 4630
0 26
0 5328
0 -2460
3 5285
0 217
2
0 3128
1 4953
4
3 4953
3 26
0 5876
2
3 5876
2
4
1 -2645
3 2962
0 -2128
0 3862
1 5644
0 6485
1 6539
0 -2436
0 6587
3 4650
0 5053
3 5644
0 5341
3 5053
3 4683
3 4583
3 1575
0 4610
3 5328
3 5489
3 4610
3 5341
0 1113
0 -1966
0 5651
0 -138
1 6587
0 -2250
0 5201
0 3185
0 6133
3 6539
0 1444
0 4077
3 2366
2
0 2507
4
1 -2250
0 955
2
3 3961
3 5651
0 139
0 5536
0 161
3 6485
0 2435
1 1967
2
2
2
0 6415
2
1 1057
3 6597
0 -2162
2
3 2882
3 5201
0 -1479
1 1489
4
3 -1970
2
3 3862
3 6587
2
0 -1837
0 6222
0 4393
0 5177
0 3533
0 3539
0 6430
2
0 3924
0 5217
3 4393
0 484
1 955
3 6222
2
3 6055
0 104
0 700
0 6557
3 6133
2
0 -2337
0 -2358
1 642
3 700
2
0 -1824
0 336
2
0 5404
3 3924
0 5869
1 -663
3 -2625
3 5869
3 3128
2
0 -1099
0 -1154
3 3324
2
0 5536
2
0 5599
3 6557
2
0 3347
3 4630
4
2
0 -2598
1 5217
0 -1248
1 2435
0 5791
2
3 5404
1 -2115
0 2871
1 993
1 4077
0 5022
3 2435
2
1 4077
0 5177
3 4612
3 4717
3 1444
0 -1020
0 1075
3 1075
2
0 1361
0 5576
0 5075
2
1 3533
0 6785
2
0 -1461
2
2
3 5217
0 5708
0 2280
4
2
0 4453
3 6430
0 -1120
0 5361
0 6435
0 -1395
0 5788
0 -843
2
0 1154
3 5584
0 2871
1 2871
2
3 5361
0 -2486
0 4676
3 5599
1 -2575
0 -2918
0 6969
1 5708
2
0 5774
3 5177
1 5774
0 -2714
2
2
3 4676
0 3689
3 3539
0 1779
0 3782
0 -2684
2
0 3839
2
3 6415
1 3749
3 3749
4
0 3779
0 -1632
3 6435
0 475
0 692
3 5075
0 -151
1 692
3 3839
0 3434
3 692
1 475
3 3185
3 -151
2
2
1 5791
1 1600
3 3347
0 4095
3 5659
3 5774
0 -593
2
3 4077
4
0 3363
3 -2788
0 2235
3 2985
3 5022
3 -833
3 2235
3 6785
2
4
1 6969
0 5536
2
0 -2519
0 4541
0 -1591
2
0 -1594
3 2844
3 3530
3 -1591
3 4095
1 5708
3 5788
0 -2959
0 -2687
2
0 -1404
3 5576
3 6969
3 3782
0 4873
0 6811
2
3 2507
1 -1594
3 4873
2
1 4541
3 3363
0 2197
1 -1770
3 2197
0 3517
0 4033
0 -1589
3 152
2
2
2
3 3517
0 3689
0 1150
3 4541
3 5791
3 5536
3 3533
0 6811
0 3649
0 1739
0 380
3 5808
3 -1471
0 5078
3 3434
0 5808
0 575
2
3 3689
2
2
0 2265
3 4033
1 3649
0 3016
2
2
0 4453
3 6811
0 6504
3 2921
0 6972
3 4453
4
3 3950
0 5637
0 -2061
0 3711
3 6504
0 1453
0 4455
0 5007
0 -449
1 -2061
0 2329
0 6860
1 5637
0 4236
0 -2233
0 78
2
2
3 5637
0 660
0 78
0 264
2
0 1666
2
2
0 1453
3 4236
0 -649
1 6860
4
3 1666
3 5708
2
0 4341
4
0 2344
1 3649
0 4274
0 -2344
3 5808
0 2329
1 1453
3 3711
3 3779
0 300
1 6860
0 -690
0 2354
0 1032
0 881
1 4534
0 4546
3 881
0 4951
3 6972
3 -690
3 5007
0 -1078
1 4455
3 5078
0 5447
1 5447
4
2
0 4948
2
3 5447
2
1 6860
0 2536
0 5427
0 1322
3 2620
0 -1256
0 4161
3 3016
2
0 1595
3 1032
0 4161
2
3 4951
3 4546
3 -1955
1 -2776
0 1237
2
3 5427
0 2690
2
2
0 -2863
3 2354
0 1603
2
2
3 4161
2
2
3 4948
3 6860
0 6553
0 2981
0 4455
0 -2801
3 -2801
3 3649
0 6409
3 4341
1 2981
0 5432
0 6452
0 -2689
0 -1735
1 2690
2
0 2849
0 -1560
0 4218
3 -1612
0 2668
1 2849
3 6553
1 2981
2
3 -1560
0 4552
0 4676
0 3999
0 3441
1 2849
4
3 825
3 2849
0 -189
2
0 -783
0 6196
3 4274
3 649
2
3 4552
3 4218
0 3810
0 -1759
1 5432
0 -2417
0 2460
3 6196
0 2668
0 4371
1 4455
3 4371
0 -528
2
0 6427
4
0 -2166
4
2
2
0 3810
0 -2420
0 -2145
0 4316
3 -863
0 6584
0 3817
0 3788
0 4199
0 2803
3 -2145
0 -2803
2
3 3788
0 592
2
0 71
3 2536
3 2668
0 -734
0 1197
0 -421
3 2344
3 5432
2
0 -1268
0 3835
3 2460
2
1 6627
3 592
3 6409
3 71
0 6312
0 5803
1 3810
2
2
0 5135
2
2
2
3 6740
2
0 -745
3 5135
3 3810
0 2429
3 6452
0 1802
3 1802
0 -2740
3 6584
3 3817
0 4676
3 3999
0 3835
4
3 3441
2
4
0 6423
0 3160
3 4316
0 -445
0 -1794
0 6207
3 5803
0 5313
3 4676
4
0 3198
2
2
0 5481
1 6427
0 2429
0 5313
0 718
0 6231
3 718
0 2266
3 3835
2
0 5586
0 4046
0 6231
3 4455
2
0 6802
0 -2710
1 2429
1 5586
2
3 6312
0 -2814
4
2
3 2429
3 2122
0 495
3 6231
1 4489
0 6935
2
3 6802
0 6246
0 5923
0 4535
3 997
0 -2273
0 -2074
0 2167
0 6207
0 4534
0 -1796
0 3730
0 -1491
2
0 119
0 -2812
3 5481
0 3550
0 4414
3 -2812
0 1440
0 3021
2
0 2872
0 4376
0 -463
1 6423
2
2
3 2872
0 4646
0 4740
4
0 3245
3 4199
0 4399
2
1 5313
1 119
0 -810
0 -2023
0 184
0 4510
0 949
3 4740
3 -2689
1 617
0 5445
3 1476
1 5923
3 6207
0 5705
2
3 6246
0 5880
0 -2407
3 2167
0 3198
2
0 1472
2
3 4399
0 1667
2
2
2
3 1392
2
0 -5
4
3 6427
3 4646
3 3198
3 4414
3 4510
0 5712
1 4534
3 4203
3 5313
2
2
0 3595
0 1908
3 3245
0 -2004
0 5586
0 5712
1 5445
2
0 4720
1 6935
0 1045
2
2
0 3595
1 5880
0 2804
2
0 -569
3 3160
0 -2444
0 4046
2
3 4046
2
0 -2862
0 3826
2
3 3021
0 3760
2
0 4720
0 -820
3 -820
2
0 2486
2
0 4086
3 4535
3 3595
4
0 450
0 -2201
3 3730
0 -1372
0 -1714
2
2
0 6963
3 6935
0 -428
2
0 341
0 4534
0 152
0 2707
1 5445
2
0 6423
3 5705
0 6963
0 -1245
3 5586
3 5923
2
3 2707
2
0 -881
3 5712
3 4376
0 -2934
3 450
0 6630
0 3950
0 6963
2
1 4534
2
3 6423
4
2
0 6140
0 4625
0 -2393
3 5445
0 964
3 -2421
2
0 3843
3 3950
2
0 4425
3 4425
3 4534
2
0 2718
3 3826
0 6344
0 6319
1 3843
0 5754
0 -2644
3 -2644
3 6344
0 2904
1 -1427
2
2
3 2112
4
0 4140
1 6140
1 4720
0 4720
2
0 1640
3 4140
1 1640
0 929
3 4086
2
0 -2879
0 6963
3 6630
0 3263
3 4054
3 4720
3 1640
2
2
4
3 568
0 3560
2
3 4625
0 -1163
3 5754
3 -1163
0 3658
3 3658
0 5069
0 5880
0 736
3 6319
0 6154
3 5069
3 6963
4
1 -2560
0 -983
3 6154
0 5646
3 -983
2
0 4170
1 4170
3 3087
1 6591
0 3490
0 -287
0 5499
0 6777
3 5646
4
2
0 5253
4
0 1142
3 5880
2
0 -2110
3 5253
1 -2204
1 -2110
2
3 3490
3 6140
2
0 -1291
4
3 6777
0 -1795
2
0 5830
0 3397
0 2851
0 2312
3 3631
1 5499
2
2
3 5499
2
2
2
0 -1546
0 1845
4
0 1435
2
3 1845
0 5667
0 5667
1 1435
2
0 1219
1 3391
0 3047
0 6219
0 5661
2
0 2113
0 5239
3 3047
0 1244
4
3 6219
1 -2630
0 -2586
2
3 2113
0 -1111
3 -1111
3 5667
0 2545
3 2545
3 5239
0 5661
3 1244
2
0 4198
2
1 143
0 4534
0 5461
0 -2445
0 -2579
3 5461
3 -2445
3 -2579
3 -2304
3 4534
1 2852
0 -197
0 2187
0 -1631
2
0 3076
0 6247
0 2079
2
0 4174
0 -1355
3 2187
3 4587
0 2479
3 2079
0 3582
2
2
3 1523
1 4174
1 4174
2
1 283
0 6498
0 5518
1 6247
3 6498
1 2367
2
0 1184
2
2
4
3 6247
2
1 2778
1 -2288
0 -663
3 3687
3 1705
1 3776
3 -663
1 193
0 3237
0 5322
0 566
0 5322
0 3164
0 2065
3 3164
0 2950
3 2065
0 -1806
0 2429
0 6734
0 6454
3 2429
1 -1806
3 6359
3 566
3 2950
1 4289
0 4842
2
0 -2518
0 -700
2
3 5322
2
1 4842
0 3237
0 3003
1 3237
3 6872
1 6734
0 1795
0 4842
0 1921
0 5778
0 -2044
3 1240
3 6734
0 6462
0 3603
0 5565
3 1467
0 -2187
0 -1951
3 5565
0 3341
0 6255
2
3 6255
0 6412
2
0 373
1 -732
3 3603
3 6412
0 1921
3 3341
0 1795
1 1795
3 373
2
3 3755
3 1921
0 1795
2
1 3237
1 4842
1 4842
3 6462
0 -885
0 2571
3 3003
0 5125
4
3 3237
2
0 -432
3 5778
2
2
2
0 6454
0 5525
2
1 6454
3 5525
1 6454
0 5145
0 6454
3 5145
0 6701
0 4224
1 4224
1 -1242
1 6454
0 3955
3 3818
2
3 6701
0 6293
0 -1004
4
0 6293
3 6293
4
3 4224
2
1 6454
3 6454
0 1552
0 849
1 849
2
2
3 -2136
0 5785
3 5785
3 171
3 -2436
0 -1921
3 -1921
0 -418
0 -434
0 67
3 -434
2
3 -2811
3 67
1 2344
3 3452
0 -141
0 450
1 -363
2
2
0 1670
2
3 6772
0 3360
3 1460
0 6519
2
3 6519
0 6486
3 6486
0 -478
0 198
0 3858
0 2136
0 -1005
0 1923
1 2636
4
0 -596
0 4827
0 3328
0 3708
4
3 2136
0 -293
2
1 -596
0 422
1 5608
0 -1928
3 -596
0 6762
0 6792
0 -169
0 6095
3 1923
3 6095
0 -2785
0 2043
0 -2689
0 652
2
0 6778
0 3423
3 3328
3 3858
1 3423
0 6746
3 3423
4
3 -2689
2
0 -896
3 4827
3 6792
0 5002
3 198
0 2720
3 6762
3 6569
2
3 652
0 6540
2
0 1802
1 6746
2
1 5002
0 1802
0 -2863
0 -1507
0 -1507
0 -962
2
0 -2844
0 4814
0 -2491
4
0 6017
0 5065
3 -963
2
0 -2491
0 5522
3 -2491
0 3803
0 -578
0 6746
3 5065
0 168
3 2720
4
3 6778
3 6017
3 3803
0 -1748
2
4
0 1806
4
2
0 3795
0 6678
0 -329
0 2144
3 5002
3 6678
0 4057
0 -1853
3 3795
3 -329
0 3682
3 -542
3 6746
3 6540
0 -418
0 -2163
0 6211
0 720
2
1 1806
0 -252
1 720
3 4814
3 -962
0 -2761
0 6711
1 720
2
0 1888
0 -1853
2
3 6211
4
2
0 -557
2
0 4030
0 5852
0 -2503
0 6318
2
3 2144
0 -2626
0 -2690
3 3682
4
3 -252
2
3 5522
0 -673
2
2
2
2
3 1806
3 4057
0 1246
0 6721
3 5852
0 3028
2
2
0 1530
0 1467
0 2542
0 -2013
0 1482
0 2493
4
2
1 6106
3 1888
0 3290
0 2317
1 1467
0 78
2
3 2043
0 2517
0 3093
1 1802
2
0 5631
2
0 5522
3 6318
3 3708
0 1586
0 4158
4
0 -1125
3 4158
0 5888
0 6711
0 6711
3 1467
0 -1812
2
0 3673
2
4
3 5888
0 4278
0 -1116
0 -1558
0 3447
0 333
0 2591
1 6721
3 5522
3 3447
0 6984
0 -1442
1 -564
1 2542
0 2626
4
3 2493
0 -1415
0 300
0 2591
0 -1166
1 5631
2
0 4909
0 6211
0 3381
2
0 -2167
2
2
1 333
0 4434
1 2626
0 -1116
3 4434
0 1068
4
1 3290
2
3 300
2
0 -568
2
2
0 -1301
0 1280
3 4278
2
0 -607
0 -410
2
0 -1399
2
0 -1564
0 2613
3 -1564
4
0 -2959
0 1601
0 -322
0 6766
4
3 1482
1 -410
0 -1650
0 -2158
3 6984
4
4
0 4408
2
0 -1165
2
3 4849
3 5581
0 -2985
2
3 2317
0 5225
3 6211
0 -46
0 -2059
3 3290
1 -322
0 6148
3 6148
3 2542
3 1280
4
0 2790
3 1586
3 2790
0 3851
0 -863
0 1025
1 4030
3 3028
4
0 370
0 286
3 2591
0 -2592
1 286
2
3 1025
1 6766
3 1072
0 4895
0 -2791
4
3 1802
0 2340
4
3 -46
4
3 4895
0 5541
3 3851
3 -2059
4
0 5716
0 -93
3 4909
3 6711
4
3 1601
2
3 -863
3 6721
0 180
0 1251
0 1552
3 5631
3 4408
0 -807
2
2
0 -786
3 1251
0 -320
1 1530
0 5395
0 4374
2
1 2613
0 3997
1 5716
2
0 2065
0 3861
2
3 1530
2
3 -36
0 368
3 3093
2
0 6419
2
3 -2581
3 4374
2
0 2318
3 3381
0 887
3 2901
0 5968
3 1068
3 2088
0 2261
3 2065
0 2340
2
1 5782
2
4
0 5614
1 2261
2
1 -2568
2
0 -1137
2
2
0 6613
4
1 2626
0 5991
0 5618
3 5395
0 6613
0 -2907
2
0 3132
0 4339
3 5225
2
3 2970
3 2626
0 6833
0 4496
0 2077
0 -694
2
0 3132
2
0 2693
1 2067
0 5902
3 4496
0 635
0 5095
0 6790
0 1039
0 2384
0 -140
3 6833
2
3 3673
3 2613
2
3 5968
2
0 -320
2
0 1454
0 510
0 6000
0 3158
3 3861
3 5496
0 1590
3 6790
3 5716
2
0 -2967
0 2318
0 -2111
3 -992
0 4651
0 3698
2
2
3 5719
1 5614
1 2517
0 -2881
0 3447
0 3698
0 -1278
2
3 5902
4
3 2693
0 803
0 1048
0 3733
3 2340
1 803
0 -1262
2
3 3733
0 -1625
2
0 -903
1 5095
0 2729
0 -1111
3 4651
3 3997
0 6000
4
3 5541
3 -1111
0 5158
0 4423
2
3 3308
0 417
0 -2360
3 -2360
2
3 1454
0 4034
3 4339
1 -642
3 2729
0 -684
1 777
1 1590
3 2517
2
0 -1900
0 2737
0 1222
0 2262
2
0 4478
1 1048
3 6613
3 5158
2
0 5095
0 -1576
0 2308
0 103
0 -1168
0 1882
3 5618
2
3 -113
3 5614
2
0 2326
0 118
1 118
0 6061
3 1222
2
0 6000
3 3447
1 2318
3 803
0 -1395
0 5095
2
2
1 2262
0 -1196
3 2318
3 3698
3 3614
0 98
2
0 -652
3 2262
4
2
0 1414
1 1048
3 4034
2
3 5095
4
0 6252
3 5991
0 -51
2
2
0 6770
0 3176
0 3710
2
0 3732
3 3732
2
0 -2678
0 161
1 6766
3 3132
0 4888
0 5998
2
2
3 4478
0 6416
0 2737
0 910
4
0 5386
3 6770
0 3273
0 2763
0 2763
3 3035
3 1882
3 6252
0 2387
2
0 -1377
0 -817
0 5880
1 6061
3 5880
1 5264
0 2937
1 6419
3 6000
0 6402
1 2326
2
0 647
3 2937
4
2
1 5386
1 5091
2
3 6766
0 -1803
3 3480
2
3 6402
0 -1002
3 -1829
0 768
4
0 -1445
0 3716
0 -2923
3 2188
0 1788
1 3158
3 4030
0 3582
0 5832
4
2
2
1 2737
1 5832
3 1788
1 1384
2
2
3 3582
0 -156
3 2326
3 6416
0 1181
3 3273
1 2308
1 2920
2
0 5802
3 5832
3 2716
0 -1801
4
0 -24
0 3067
2
4
0 5162
3 1116
3 3710
3 2387
2
4
3 -1149
0 4538
0 -830
2
0 -1203
0 -105
1 5162
1 3067
0 3072
0 -806
4
3 -1203
2
0 2053
0 -1021
0 -1528
0 3254
1 2384
3 5162
3 3176
0 5851
0 6415
3 5802
0 -550
1 2384
2
1 6051
0 3770
0 2074
1 -372
3 6061
3 2737
3 -2421
0 -876
3 5851
0 2379
2
4
1 6419
3 5386
3 6419
0 -1302
2
0 5672
2
3 1181
0 2409
0 3435
4
3 2308
1 4538
4
0 1624
4
0 3770
0 -2947
0 -1641
4
3 2384
0 -889
0 4888
0 3244
2
0 -1181
1 3770
0 -1962
0 396
2
0 2816
3 2816
3 396
2
2
0 -2436
2
0 -794
2
0 162
0 347
2
2
3 2074
0 5203
0 6920
2
0 3542
0 -97
3 162
3 347
0 5672
1 2306
2
3 1624
3 4423
0 -935
2
1 6397
4
3 3254
1 6415
1 -134
4
3 -1900
0 2867
0 -1283
3 5203
3 4538
1 2379
0 18
3 5998
0 6491
1 3770
3 2763
0 2867
2
3 3542
3 3770
3 4888
1 3067
0 1113
0 2053
3 2409
3 6884
3 2169
0 3275
0 1753
1 6491
4
2
3 337
0 -1769
0 6491
3 3067
3 1753
0 3820
3 5672
2
0 4357
0 5605
3 6415
0 3716
0 4303
0 -1537
0 -984
1 -1537
0 5663
2
0 4526
2
4
2
0 5366
3 2867
2
0 -358
2
2
3 6491
3 3158
0 2732
3 3716
2
0 4850
0 5222
0 356
3 3244
2
3 1649
0 3275
2
0 -486
0 6363
3 3757
1 -2612
0 6511
2
0 -2795
0 5399
0 -2359
4
0 -819
3 4526
0 622
1 -2957
4
0 6615
0 -1565
2
4
0 3752
0 3266
3 5399
0 -1335
0 3299
3 3275
3 -1565
3 4850
0 4925
4
0 2194
3 5222
0 3266
0 -1920
4
1 5745
3 4925
3 4303
0 2194
3 -1335
1 622
1 3752
1 4357
3 6363
0 3260
0 3202
3 -2397
3 6511
3 3202
3 6615
2
2
0 -197
0 622
2
3 2194
0 -2343
0 -539
4
0 3989
4
3 5366
0 -2622
3 -15
3 5663
0 -846
2
2
2
0 -525
2
3 4357
0 4122
2
0 -904
0 5
0 2786
3 3299
4
1 5
3 3435
2
4
0 -2335
0 6653
0 6653
3 3820
2
1 3916
0 3488
4
0 5412
2
0 622
3 2786
3 5412
0 4116
0 2784
3 3266
0 6740
3 6653
1 6740
2
2
0 790
0 6093
4
1 3752
2
3 3989
0 4985
0 6090
0 1477
0 -2434
2
0 6717
3 1477
3 2784
0 439
0 4321
0 6093
1 6740
3 4321
0 6740
2
0 4908
0 -2238
2
0 2339
2
0 3752
0 1851
4
0 4991
0 -1234
2
3 3488
0 2362
0 1956
0 4116
1 3260
3 1956
2
0 4116
0 663
3 663
0 -2521
4
0 802
2
0 3260
4
1 802
0 -1600
0 2597
3 5171
0 1520
2
0 4339
0 1789
3 2597
0 -939
0 3067
3 802
0 3724
0 -2526
0 1515
0 4985
0 1359
0 6640
0 2069
1 1515
4
2
0 5930
2
3 3724
0 4534
0 6753
2
2
1 1789
0 4593
0 5605
0 2069
0 4339
0 3318
0 2500
0 -172
3 4593
0 -2511
0 4351
3 1427
1 3318
3 6093
0 6793
1 4189
3 4908
0 1044
2
3 6430
1 6920
0 -2071
3 6740
1 3260
3 6753
0 -414
3 6090
0 4527
4
0 -1582
0 4512
2
3 4985
3 6793
2
0 261
0 1940
1 4351
1 -414
2
0 871
3 2500
2
2
0 5859
1 1789
0 2248
0 -1008
1 871
0 -1906
3 3752
0 -1176
0 -1813
0 4789
3 871
2
0 -2241
3 -2241
1 1044
2
0 942
0 6471
1 -1176
0 -1624
3 6717
3 1044
0 4351
1 -1728
0 6349
0 -322
3 -1008
3 -1176
3 5429
3 -322
3 6471
0 4789
0 1234
1 5859
1 4116
0 6640
0 -2216
0 5859
0 2362
3 4991
0 -2632
3 4339
0 6304
3 4351
2
1 2069
4
0 3115
3 -2098
2
3 4116
0 1019
0 3505
3 1019
3 1940
0 1120
1 3115
3 4512
4
0 4122
2
2
0 3115
0 1141
0 1444
3 2248
4
0 4143
0 1852
0 3733
0 1058
3 5930
3 1120
2
0 -2051
0 -2129
0 1839
0 1999
0 6989
3 5859
3 4068
0 4192
3 5492
3 3318
0 2362
0 1999
3 1323
3 6920
2
0 -2271
3 -1095
2
3 5915
3 6304
0 1200
1 6640
0 3281
2
2
3 2069
3 6349
0 5709
3 1520
3 1444
0 -1209
0 2084
0 -1860
3 1999
0 5396
3 2084
0 6202
0 5731
0 3115
0 475
3 4527
3 3733
0 -1209
2
0 3626
2
4
3 6989
3 4534
3 3281
0 -461
3 1293
0 4192
1 475
1 3626
0 4945
3 6640
1 4791
2
0 5396
0 1238
0 5871
0 -899
1 1789
0 1234
3 1238
0 1480
2
1 3115
0 1491
0 2778
0 1637
0 687
3 1789
2
0 6604
3 4192
0 1674
3 1852
3 5396
3 4924
0 891
1 5731
3 1200
2
1 3451
0 4239
0 5215
0 3840
0 4239
1 4789
0 3603
0 -1138
0 -958
3 1674
3 891
2
1 2362
1 3115
0 -487
3 3115
0 -725
3 4143
0 6349
0 6633
0 1547
3 1547
0 1180
3 -487
0 -2171
1 1491
2
1 4122
0 5215
0 5054
3 -2656
2
1 5709
0 5055
3 6604
1 6655
1 1234
0 -1295
2
0 1006
3 2778
2
2
0 5281
1 -2850
0 707
1 5818
3 3505
1 4239
0 3888
3 3888
3 4945
3 2362
3 5055
1 2712
2
0 -2709
0 161
3 4239
3 6202
0 470
0 2110
3 6349
0 941
0 5731
0 2957
3 5605
0 -1306
0 -2285
2
3 5215
3 5705
2
2
3 -1079
3 1180
3 -322
0 4824
1 3603
0 1918
2
2
0 1653
1 4789
3 1480
0 4083
0 -2599
0 1015
0 -587
0 -2303
2
3 5731
1 941
3 1491
0 5871
0 3579
0 6524
0 4960
0 5709
0 3067
0 3644
0 4463
2
3 5054
4
0 1637
4
0 4472
1 1839
2
0 3219
0 1839
0 4691
1 4463
3 3626
0 2184
3 1918
0 1808
2
2
3 4960
0 3388
3 3840
0 3906
2
0 -1500
2
0 3985
3 2957
0 4007
0 -14
3 1473
0 5160
3 3000
1 4007
1 1839
3 3906
2
4
1 -2210
0 2433
0 6850
2
0 3931
4
3 1839
3 5281
0 -2712
0 6633
1 4122
1 6255
0 -1389
4
3 3579
1 4789
0 774
2
3 1808
3 2184
3 3644
0 -257
3 4210
2
3 2433
3 4083
2
3 554
0 6391
1 3931
0 3669
0 6622
0 3950
3 5871
2
0 4691
2
0 -2373
0 -2806
3 4789
3 4472
0 -237
3 -2799
4
0 -2197
2
0 6602
2
2
3 6633
0 5709
3 6524
0 -771
0 2110
3 6239
3 3067
0 2155
2
3 5709
0 6109
2
0 -794
0 2523
0 35
0 981
0 2792
3 6109
3 6602
3 4463
0 6147
0 4598
2
0 4229
3 2155
1 162
0 2986
0 722
0 1956
0 -820
1 2261
3 6622
3 3950
0 -1867
0 1893
2
0 2792
2
4
3 -2763
0 1453
1 4229
0 330
4
2
0 6736
3 2110
0 2445
0 -2158
3 3603
2
3 1893
3 4229
0 5662
3 2445
3 4824
0 14
3 4598
0 4723
3 722
0 592
3 6147
2
0 1194
0 6815
3 2589
0 6626
0 6414
3 981
1 3669
1 3388
3 3219
1 -2879
3 1453
0 3949
0 3120
3 -130
0 -2165
2
1 2762
2
4
0 4691
0 -529
0 1276
3 5365
3 1451
0 -2650
0 2689
3 592
3 3260
3 3440
0 5593
0 -2442
4
3 2689
2
1 3120
0 1187
3 4691
3 139
2
0 -2811
0 3305
3 1276
0 1827
0 5851
0 2503
4
4
2
2
1 6736
4
3 5851
2
4
2
3 1827
2
0 6453
0 1453
2
0 -1523
2
0 4578
4
0 -2154
0 1209
1 5160
1 6815
0 1605
2
2
3 3669
0 -143
0 4431
3 4723
1 5160
0 1871
0 1766
2
3 3985
3 3120
1 5336
0 4416
0 6354
3 4416
3 6815
0 389
0 -2931
0 -2720
0 858
0 -585
4
3 3931
3 4122
2
2
4
0 6414
3 3443
0 5311
0 -186
3 6998
0 2956
2
0 -1281
0 6226
3 1766
3 -151
3 3213
3 6850
0 -1978
0 431
2
4
3 431
0 3138
3 5662
3 -186
0 3961
0 5269
0 -2414
3 2792
2
1 531
1 6453
3 6226
0 -2976
0 3642
3 3961
3 2986
2
4
4
0 757
0 2700
2
0 5044
0 551
0 584
1 2503
1 5589
3 5269
0 2388
3 524
1 2388
1 4007
2
3 3949
3 3642
1 2523
3 858
2
1 2117
0 4695
0 3420
2
1 4578
4
2
0 5311
0 -343
0 4853
1 4853
2
0 3718
0 3463
1 -986
3 4431
0 2081
4
0 4909
3 -1900
3 2503
3 3388
0 2295
0 -284
2
1 4578
3 3463
1 -911
0 -1017
0 2133
0 5655
1 5311
1 2462
1 4007
2
3 4578
2
0 3451
0 5314
1 6354
3 5655
3 2956
2
2
0 1878
0 -2754
0 4129
0 -1304
2
4
1 4129
0 458
3 3718
3 458
3 3138
0 6392
0 4853
2
2
0 6736
0 746
0 809
0 749
2
2
3 5044
0 1156
0 -2816
3 4909
3 -71
3 6736
1 809
3 5311
4
0 321
0 -2503
4
3 -2816
0 1837
0 -2600
0 -2410
3 -2288
0 -2702
3 5160
0 -1090
0 1991
2
0 2757
1 4007
4
1 2977
2
0 2280
3 2388
0 -3
2
3 2523
1 4301
0 1694
1 5806
3 1694
0 5263
2
0 2133
3 4007
0 5115
0 621
1 4129
1 6392
0 426
3 2280
3 4129
0 6626
0 -2167
3 2133
3 -984
2
0 909
1 3451
3 1156
0 -1204
0 1359
0 6772
1 6414
1 6354
2
0 2518
3 5263
1 5314
2
0 1731
0 6605
3 6391
3 4695
2
3 6772
0 6657
2
3 6453
0 2454
2
0 6568
0 6033
0 5806
0 6601
1 1731
3 5593
4
0 1464
0 6342
3 545
2
0 6354
0 3409
3 -1944
3 6568
0 4150
2
1 1464
0 2718
2
3 3451
0 4324
0 -2880
1 6392
1 1837
4
1 -2110
4
1 4324
2
0 6657
0 3006
2
3 4853
1 2700
3 2757
3 2700
3 6657
0 -1594
0 -2743
0 1458
1 6605
0 4322
0 1973
3 6354
2
1 2718
3 3409
0 2085
0 4683
2
0 78
0 4322
3 2295
0 4678
0 -2464
4
3 -899
3 6392
0 -861
2
0 1464
3 6626
0 1113
0 2142
1 4683
4
1 4683
3 5806
0 6601
0 6159
1 2703
3 1973
3 3420
2
3 1731
3 -825
0 2275
0 5705
3 6159
0 2292
0 6033
0 1752
2
0 6910
3 687
3 1464
3 3305
1 2718
2
0 -2245
0 -1022
0 -209
4
2
0 3570
0 -2941
3 -2586
2
0 2610
3 1458
0 5868
4
2
3 4150
3 2610
0 -355
3 6910
1 5868
3 4519
2
2
0 263
2
3 5705
3 4322
0 2071
0 -2332
2
3 5585
0 -2428
1 -273
3 2071
3 1991
0 1596
0 2053
3 4324
0 -1131
4
0 3686
0 3365
3 3570
0 6922
4
3 2292
0 6905
4
1 625
0 6327
3 5115
0 455
4
0 2096
2
0 3409
0 -1534
3 6922
4
3 6605
3 1837
2
4
0 -470
0 1552
2
1 2053
3 -65
0 2390
0 3686
3 6342
2
0 5754
3 2142
2
1 5314
2
2
0 319
0 -765
1 5754
0 -478
4
0 657
3 3686
0 1358
3 3409
0 6174
3 3365
3 2390
3 1358
0 -2180
1 2085
3 2718
0 3420
2
0 4873
0 -2559
2
2
0 1928
0 6088
3 6327
0 -1530
0 436
1 5754
0 -2185
0 5000
0 -1103
4
3 1752
4
2
0 294
2
3 2518
1 602
0 4356
0 2010
2
1 5754
1 6414
1 2220
3 733
1 657
1 2346
0 5840
0 -2438
3 -1302
4
3 6174
0 4982
3 6905
1 2053
3 2085
0 5758
3 657
0 5912
0 -1568
2
0 5928
1 2096
3 5754
0 -1423
1 -1423
2
4
3 2096
0 2875
1 3420
0 6841
2
3 4982
0 1191
4
3 5758
0 -316
2
3 1928
3 -1069
0 -737
3 2053
0 3543
4
0 -879
0 6838
2
3 524
0 6622
1 -1296
2
0 -1488
3 5928
0 -2377
3 3006
0 6302
3 6414
0 -363
1 -1488
3 1015
4
2
0 3984
1 2236
3 319
0 5967
2
0 974
2
2
0 1259
2
3 4356
3 6088
0 67
3 4683
0 76
1 6033
3 436
0 -1828
2
0 4486
2
0 -1234
3 -1234
0 676
0 2024
2
0 -168
0 -2421
3 1191
0 2255
3 4486
3 6622
0 406
3 2255
0 532
3 2275
0 6768
0 -320
2
4
0 3536
1 -2649
2
0 1796
0 406
3 2686
2
3 735
3 3984
0 3122
0 1803
1 5000
4
0 5452
2
0 6755
4
3 495
3 5314
3 14
3 2232
0 2875
2
2
3 3420
2
0 2176
0 -1917
3 3122
0 6870
0 3385
0 -2463
3 5020
0 -465
2
0 -913
1 277
4
1 6768
3 2176
0 2564
2
3 3385
2
0 -452
2
0 -1061
4
0 -1202
0 510
3 2024
0 411
3 5967
3 -1202
0 3304
0 5878
3 6755
0 1366
3 6841
4
0 -2723
1 5452
2
3 1803
3 5878
3 2564
3 3536
2
0 3234
3 -389
3 5868
3 5452
1 4010
2
3 6870
3 4873
2
2
0 6649
3 3304
3 1366
3 4678
4
2
4
2
3 6768
2
2
0 3543
0 1777
1 6649
0 1227
0 6649
2
2
3 2875
0 6322
0 6084
4
1 6322
0 -1288
3 6033
4
3 6084
3 3234
1 6601
3 6601
0 -933
0 187
0 6649
2
1 -810
3 6838
3 6322
2
0 3154
3 6302
3 187
3 5840
3 5000
2
4
3 6649
0 772
0 3858
1 5912
3 -1898
0 640
2
3 772
1 -489
3 3543
0 -2208
3 3858
1 6445
2
0 -316
1 -316
1 -316
2
2
0 -2218
0 -1047
0 -1047
4
3 -1047
3 -2218
1 1103
0 6567
3 6567
3 -2934
0 2528
0 6126
0 -579
3 6126
0 -535
1 2528
0 -1592
0 3838
0 3838
4
0 2623
0 4414
0 -535
0 4744
0 4883
1 2623
0 2925
3 -1592
1 5287
0 3367
0 2853
1 3838
2
0 4807
0 -2429
1 -535
0 2413
2
0 -2672
2
0 5327
0 5465
0 -1004
0 605
0 2528
0 1359
0 2366
0 691
3 3367
0 -2432
3 4414
3 2366
0 1874
0 5018
3 691
0 2598
0 4319
0 680
3 680
0 6391
2
0 5142
0 990
0 3169
0 1976
0 3105
3 2598
3 605
0 2152
4
0 3007
0 1690
3 2623
0 1663
1 1970
3 2152
2
1 -999
0 512
3 3797
1 2413
0 -2409
3 5142
0 1677
3 5018
3 6301
0 -2639
0 6039
0 512
2
2
4
0 3824
0 6727
3 1690
1 3007
0 3583
0 3766
0 5463
3 3583
0 798
0 -2346
3 1677
0 -2506
1 6391
2
3 2925
0 3055
0 1048
2
0 3254
3 3838
3 990
3 4807
2
3 5463
4
0 4706
3 798
0 -190
0 1982
0 5143
4
0 5925
0 6342
2
2
0 3383
1 4173
0 5541
3 6727
0 1976
3 3383
1 -2700
3 1982
0 3055
0 927
2
3 1048
0 -1731
2
0 -1138
1 1874
0 -1092
3 1874
2
0 3920
0 -672
3 6391
2
0 -1168
3 715
0 3254
0 -1572
4
2
2
4
2
0 6288
0 2729
0 3920
1 1359
0 5344
1 3007
0 682
3 3007
0 4641
0 2639
1 1853
4
3 2528
0 1434
2
0 4319
3 3920
0 962
3 1434
0 617
2
3 962
0 6013
2
0 5962
0 5872
1 5465
0 2887
2
0 4424
4
3 6342
3 3824
3 5831
3 2887
4
3 6039
2
0 2980
3 4319
0 3055
2
2
1 -2361
2
0 674
2
1 5344
3 4744
3 6288
4
3 107
0 1706
0 5244
4
0 -1994
4
0 1975
0 -232
0 2102
0 2152
0 4510
4
2
1 5977
3 5428
0 -2056
0 1028
2
0 5344
4
3 5143
0 6928
0 3176
1 1025
4
0 -1692
3 501
3 1706
0 6029
1 2980
2
0 5530
3 -232
0 -2992
3 3254
0 5541
1 3169
2
0 -804
1 5530
3 4706
1 5872
3 3169
3 -173
3 2102
1 4963
3 2853
1 1028
0 5181
2
3 4641
0 451
3 5244
0 -755
0 631
0 1561
0 5327
3 6996
0 -313
0 3369
0 352
1 4424
2
3 1891
3 3105
0 39
2
4
0 85
3 5181
3 5925
3 6928
2
0 1562
3 4510
0 1001
3 1561
0 1844
3 6013
3 1807
3 3369
3 2152
3 352
0 4871
3 1975
0 -99
0 5627
0 -67
2
0 445
0 2310
0 983
0 -1177
3 85
0 2634
3 -1177
3 4424
3 2634
4
3 451
2
3 2980
0 4791
2
0 -170
0 -788
0 1001
0 715
3 5344
3 5541
3 5530
1 3766
3 -788
0 3165
0 4237
3 -2140
0 -2962
0 2079
1 343
0 1709
3 1028
0 715
0 3165
0 2079
3 3176
1 -1497
3 631
3 4745
3 4237
0 1949
1 -1830
1 2150
3 715
0 2947
3 4791
0 5282
1 3766
3 -2962
0 -858
0 6366
0 -170
3 5962
0 -170
0 6690
2
0 6588
3 983
3 1949
0 2079
0 1447
2
1 -2655
0 5872
3 5872
0 -393
2
3 4871
3 6366
0 -1390
0 383
3 3055
0 3797
3 2079
0 3792
4
0 2505
4
0 5154
0 -1080
3 -1080
2
3 5327
2
3 -2300
3 3792
3 6029
3 6690
0 6714
4
0 5230
3 5627
3 2848
0 6795
0 6506
0 4911
3 1844
0 2850
0 3426
3 2850
0 5628
0 -647
0 2809
2
0 4813
4
0 5987
3 5628
3 5154
3 2809
0 -2856
0 189
2
2
2
0 -2191
0 6233
0 1797
0 5164
1 5282
0 4471
3 1562
0 6381
3 4813
3 3165
3 2505
0 5706
3 6506
0 -1489
1 1709
3 3086
0 5465
2
3 6795
4
0 671
0 2781
1 -1367
1 4911
1 6679
0 3366
3 3766
4
0 6233
0 6018
1 4911
2
0 1911
3 4471
3 -2909
0 4862
1 3797
3 1709
0 5197
3 5282
0 3366
2
0 569
3 4911
0 3797
0 6756
4
0 -127
3 5706
3 3426
1 -127
0 369
2
3 1911
2
3 3366
0 19
0 2986
3 4862
0 3811
3 5164
4
0 5004
0 -2452
3 6018
0 -2770
2
1 -2452
2
3 2781
0 4804
1 5987
0 6498
3 5230
3 4804
3 6714
2
1 6498
0 -2394
0 2368
0 -1708
2
1 1938
3 6588
4
4
0 1668
0 2466
0 181
1 4883
2
0 1859
0 2466
3 2947
0 -1140
2
0 3496
1 3797
0 5277
3 4627
1 -2450
0 -2754
0 6441
2
3 569
2
0 1649
2
0 6590
0 -466
3 3811
0 3297
3 4883
2
0 5526
0 6381
0 4698
3 6590
0 1797
0 4217
2
1 3496
3 2310
0 4418
4
3 5277
0 -2294
4
0 4418
0 4418
1 2986
0 1457
0 3908
1 6756
0 5560
2
4
1 6441
0 2433
3 2466
0 -400
2
3 3496
3 2043
4
0 5242
3 2368
1 6292
2
2
0 4187
2
1 3797
0 -773
0 569
3 3297
2
4
2
1 3797
2
1 5526
4
2
0 3058
3 6756
0 3908
0 -2467
0 2986
3 5526
2
1 5197
2
0 1114
1 5197
0 4231
0 -762
0 2073
0 -2046
0 -883
0 747
1 949
3 6381
1 6911
4
1 4246
0 -1183
0 5265
0 -391
2
0 3545
3 -1332
3 3908
0 5512
4
4
0 3375
4
0 4368
0 693
0 2020
3 5004
3 6441
0 -993
0 2505
3 5465
0 1510
3 5242
2
0 4308
3 747
4
3 -762
3 4308
3 1510
4
0 -151
2
0 673
0 -459
0 4217
0 2139
2
4
3 673
0 3407
3 3375
0 -1380
0 5622
4
0 4379
2
1 6233
3 3545
0 -1775
0 6079
0 4368
0 4702
3 5622
0 2795
3 5265
3 -1775
3 3797
3 6233
0 2897
0 4414
0 451
0 -2507
1 -391
1 2073
2
2
0 5233
4
0 304
3 4702
2
0 2369
3 4698
3 4368
4
0 4141
0 1715
1 506
3 6498
3 -520
2
0 -686
1 5197
3 2020
2
0 -1294
2
1 2334
3 451
0 4639
2
2
3 2505
1 4231
0 2932
2
0 -1007
0 4820
4
0 2267
0 4881
3 4414
0 3508
0 131
4
0 2741
3 5233
2
2
3 4820
3 -1334
0 6335
0 5987
3 4881
1 4639
0 6013
0 -1601
2
3 6335
1 6013
1 2369
0 129
1 3058
0 777
3 2905
2
0 5026
3 2932
3 2369
3 4141
1 -287
2
0 -541
1 4639
4
4
0 694
2
3 4639
3 2741
3 5260
2
3 2073
0 2267
0 1639
3 4418
0 4416
3 5560
1 3058
0 3836
0 5817
0 253
3 6013
1 5987
0 4231
3 3407
4
0 3530
1 2267
0 2456
3 2139
2
0 4231
0 -1057
0 -2243
3 4187
0 3588
3 5026
2
0 1751
4
0 -2037
0 5314
2
0 -472
0 -1699
0 6686
1 -1531
0 6376
3 4217
0 -2313
3 4379
0 625
0 3381
0 -977
2
3 -2810
0 2798
3 2798
1 -472
2
2
3 1715
0 1968
4
3 2456
3 3530
0 5595
0 6308
3 5987
2
2
1 3381
0 -636
3 625
4
3 4416
0 3644
0 5893
0 2480
0 3595
3 1751
0 2805
2
0 2753
2
2
3 2267
0 3681
4
0 5595
3 3508
3 4508
2
0 2785
3 5595
0 3836
0 -2164
3 5817
3 5893
2
2
0 4938
3 3058
1 -909
0 1269
3 3644
1 4557
2
3 3681
0 4884
0 4672
0 3641
3 5314
0 4239
0 6804
0 977
0 5875
3 3836
0 6366
1 4672
0 4242
0 -663
0 4017
0 -612
3 4884
0 1572
0 571
2
0 1389
0 -2198
3 -1931
3 2897
0 4056
2
0 -2145
2
0 -830
0 -2909
2
0 4398
3 6079
3 6366
3 1572
2
0 4231
3 5875
3 4017
3 4398
0 2771
0 1484
0 5740
0 -2634
0 -1091
0 -181
3 6686
0 3849
0 -1083
1 6308
1 2771
3 6804
0 6903
1 5171
2
0 -31
2
0 6455
2
3 2771
4
1 -205
0 5397
2
2
0 -141
0 2370
0 820
3 3595
0 4650
2
2
2
2
0 4231
1 1484
0 5740
1 3641
3 5397
0 1823
0 5829
4
3 4650
3 6376
2
3 6903
3 4672
2
0 1288
0 3827
0 89
3 3827
0 2895
2
0 -498
0 4465
2
0 3963
2
2
0 -238
3 2805
0 4493
4
3 5197
3 -2951
3 3588
3 3963
4
0 3590
3 5512
0 -684
3 4465
3 2795
0 2374
1 4938
1 3381
2
0 1909
3 6455
3 3849
2
0 6176
0 4432
2
3 2374
0 323
0 -456
3 -2487
3 4239
4
4
0 4493
4
0 1049
2
3 3641
3 -1482
2
0 4901
1 4231
0 -449
2
0 6498
3 -1694
0 5636
0 -1654
0 -944
0 -1527
0 6073
0 -2349
0 -2891
4
2
0 -137
0 4074
0 3774
0 5110
3 2895
3 -1392
0 -2349
0 2281
0 1927
2
3 3590
4
0 -628
4
0 -1569
1 2006
2
0 5212
3 1909
4
0 686
3 4901
2
0 -928
2
0 -2660
1 5740
3 686
2
0 -1267
0 5740
0 5228
0 821
3 4938
3 4231
3 821
3 6308
0 -2127
2
0 4493
3 3142
3 5829
0 4909
0 1736
0 4546
3 4056
0 4493
3 109
0 -2911
3 -944
2
3 1736
0 5421
3 2914
3 5110
0 4500
0 1721
2
0 -2133
0 763
0 2665
1 -720
0 -1575
3 6176
3 -1650
3 -1451
0 2714
3 4546
1 1707
0 2291
1 6498
3 2281
0 -121
3 2370
0 -2906
3 4493
1 2291
3 -2906
3 4500
0 3195
3 6073
0 -1285
3 5636
0 -2538
3 3774
2
0 -1093
3 3738
0 6686
2
3 5238
3 -137
0 1310
3 3381
0 889
4
1 -790
1 2291
2
0 2162
3 5422
3 763
0 1020
0 5817
1 4074
0 -2736
3 5740
0 1659
0 2051
3 522
2
1 -628
2
0 -2151
4
0 1352
2
3 1310
0 5298
3 1659
0 2154
1 3195
3 -121
0 -2705
0 705
4
3 5826
2
0 626
3 705
0 6378
1 -2147
3 1049
3 5228
2
4
2
0 -2350
2
2
2
3 5298
4
0 5578
0 -2847
2
0 3544
0 1288
2
0 6116
1 332
2
0 6295
0 6084
3 2162
0 1899
3 5419
0 -993
0 6951
4
0 5640
2
3 6295
0 -974
0 5640
3 6378
3 4242
3 6686
0 -440
1 -2468
1 2458
0 -2772
3 5212
0 5904
0 5107
0 611
3 5578
3 -440
0 1444
0 5807
2
3 5421
0 2154
0 1721
4
3 4432
1 1927
4
2
3 2064
1 5817
3 2154
0 4558
0 2590
0 -189
2
4
0 4167
0 1461
3 4558
0 6261
0 3805
2
0 1648
3 5807
2
4
0 -2677
0 -632
3 1352
0 6431
2
0 -70
3 1648
2
0 548
0 1465
3 1176
3 3544
3 2051
0 -765
1 571
3 -1641
0 -716
3 3805
0 3401
1 5107
3 1927
0 5949
3 4074
3 6951
0 -884
2
3 5817
0 -2876
1 1721
0 3999
0 4049
4
1 -765
3 5107
0 3403
1 2590
2
2
0 6172
2
0 6172
0 2291
0 -2511
0 1301
1 5904
3 -1709
1 3839
3 6261
0 4436
3 3195
4
0 3931
3 -2511
0 2340
3 6172
0 731
3 6116
0 1694
4
3 1694
3 4436
4
1 528
3 2714
3 1721
0 135
1 4049
3 5949
0 3154
0 -736
2
0 -1368
3 2340
2
1 4909
3 3931
2
4
0 121
3 6498
2
3 1587
2
3 3999
0 4909
0 6824
0 4464
0 6826
0 5554
0 1756
1 5554
3 -2091
1 2590
4
1 6695
1 6084
3 731
3 2665
3 4909
0 4049
2
3 1444
2
0 -523
0 5010
0 -2309
3 2785
2
3 3403
2
3 1756
3 1899
1 6431
2
4
2
0 6857
0 6431
0 4928
0 1841
0 5340
3 1841
3 6084
4
2
2
1 2797
0 6824
0 -1909
2
0 -1850
2
0 528
4
1 -350
1 4928
0 685
0 3688
0 -2484
3 3401
4
4
3 4928
2
0 3789
3 5640
0 -1610
4
0 5687
2
2
3 6857
1 4049
2
2
1 4464
3 1945
3 5340
0 3324
0 3460
3 4049
2
0 2527
3 5687
3 -2093
0 4243
0 2307
0 5603
4
3 3460
1 6431
2
3 -47
0 2271
0 2887
0 2271
0 -892
3 3688
0 2237
3 -892
3 5554
1 5904
3 6824
2
2
1 5904
3 2527
0 -1655
3 5010
0 2492
1 4243
0 1124
0 6099
0 -469
2
1 5558
3 -469
2
2
0 590
1 5603
0 -1771
0 -2609
1 6099
3 5603
3 590
0 -2607
0 -600
2
3 -2607
0 127
0 2640
3 4167
0 -600
2
2
0 -217
0 5100
0 -2648
0 5483
1 664
3 127
0 164
2
1 5549
0 -1847
0 4034
3 1122
3 3789
0 2887
2
0 2887
1 6826
0 2335
0 6826
0 5730
0 5498
0 4321
0 5500
2
2
3 6826
1 6431
0 6041
0 -914
0 -1924
0 2723
2
3 6099
2
0 1218
4
3 5730
0 1972
2
4
0 3981
3 2887
0 2131
3 4243
3 2335
0 4818
1 6431
2
2
2
2
1 1700
1 4321
0 5315
3 5500
2
0 4034
4
0 4358
2
3 5904
3 5498
0 6540
0 895
4
1 5100
0 1934
0 3050
2
2
0 3287
3 4358
3 6431
3 5315
3 4464
0 3799
0 -1632
3 5483
0 2312
0 2
3 4818
0 206
4
0 -2313
3 3799
0 906
1 206
4
3 3287
0 -2573
2
1 6540
1 -2313
0 -1245
1 206
0 -2549
0 -1806
0 6150
3 -2313
0 1273
2
3 3715
0 -1112
0 237
3 3050
2
0 -610
3 2
4
0 5635
3 4798
2
0 906
3 6150
0 -1016
1 206
0 2941
1 6474
3 -1112
0 548
0 3817
0 6144
4
2
0 5537
0 6075
3 206
0 5181
0 4614
0 6244
0 -1412
4
2
3 2116
0 -1082
1 3817
0 -403
3 6041
1 3716
0 1514
0 -1028
0 -1852
0 5529
2
1 2941
3 6075
0 4149
0 2085
2
3 6144
2
0 3597
0 3880
0 5412
0 -2573
2
3 2312
1 3959
0 5181
1 1273
0 671
2
0 63
4
2
1 5635
0 -1049
1 5412
2
2
1 5635
3 63
0 906
2
3 3597
1 -888
2
1 1408
0 23
3 5529
0 6850
2
0 4795
3 5635
1 5584
0 6540
3 6244
0 6947
3 4149
0 3834
3 6850
2
0 -1350
2
2
4
2
3 118
0 1470
3 6540
0 -852
0 1084
3 1514
1 6947
3 3834
0 -2314
0 5299
1 5412
0 2453
0 2085
0 5950
0 2383
0 5045
2
2
0 2899
3 4271
3 5100
0 5537
4
0 -2223
2
3 3880
3 5950
2
2
3 4321
3 3817
0 3121
0 4795
0 1209
3 2941
0 2184
2
0 2781
0 -62
3 2085
0 5220
2
1 5045
0 6100
3 5181
1 5948
2
2
3 4614
0 2505
0 1757
3 6947
1 2505
4
3 5412
4
2
0 -2540
0 1359
1 1359
3 5299
0 3964
2
4
3 2781
1 4885
0 4165
2
0 4795
3 5537
0 640
0 6004
0 1623
0 2208
0 1176
0 6100
4
0 -2088
0 4578
1 3121
0 -2192
0 -1667
0 6100
3 1176
3 -2007
3 5220
0 6799
3 4165
0 5340
3 3964
2
0 1623
3 97
0 -1367
1 2585
0 -2038
0 -180
0 1868
0 -2235
0 -122
0 -180
0 843
3 1623
0 2051
1 2505
3 -180
3 58
3 2208
0 388
3 640
3 -2088
0 -2467
0 2113
4
0 543
0 6063
1 2113
0 -1550
0 3168
2
3 5269
0 1285
2
0 3168
3 6004
1 -1164
1 -1464
0 3121
0 4726
2
0 6317
3 2505
2
0 1607
0 4726
3 6799
0 3757
2
0 3168
0 5074
3 2453
0 834
1 2051
1 6100
0 5277
3 -122
3 2899
0 -409
4
3 2113
3 5277
0 3169
0 2638
2
2
0 4312
0 3588
0 1370
2
3 -2584
0 1689
0 4726
3 834
1 3168
3 3121
1 1868
0 5822
0 -2402
3 3588
3 5045
1 5822
0 2849
0 -454
0 1828
4
0 5921
0 4795
0 -2004
1 2051
2
2
3 390
3 843
2
3 1868
3 1689
3 2849
3 3757
2
0 -1085
2
0 715
1 4726
0 1283
0 2638
0 1370
3 5340
3 4795
3 1285
3 715
0 3535
0 5677
3 2638
3 6317
1 5921
2
0 6324
3 1607
2
1 5921
0 -1389
0 7000
0 4355
0 5577
4
2
3 -2084
0 4534
0 4245
1 3169
4
0 5677
0 3535
2
0 807
1 2153
0 5921
4
3 807
0 1098
3 1073
0 -982
1 -982
0 -2686
0 2769
0 2314
0 5250
1 5577
0 2890
0 -982
2
2
3 4726
1 4312
0 1315
0 6732
3 5677
3 3169
3 4534
3 1315
2
0 -1072
2
0 2794
1 4578
1 5577
0 6351
1 4808
3 5250
3 4355
0 -374
0 6613
0 640
0 4813
3 6100
0 4741
2
2
2
2
0 3641
0 6974
0 -826
2
2
0 -2828
2
1 6408
3 -2351
3 6974
0 4651
3 332
3 4169
3 6613
0 4232
1 6351
0 -1503
0 5037
0 6924
0 3707
1 6324
0 -1745
0 227
0 6043
0 3683
0 6019
1 -2191
2
2
1 5037
3 4232
0 -2581
2
0 -1510
3 3535
0 -1397
3 1773
0 388
0 2948
1 6732
3 6732
2
3 5921
0 -1539
0 5408
2
3 5408
3 6324
0 505
1 -2981
3 227
2
0 -2045
3 3641
0 833
0 -2197
2
0 -2127
0 1273
0 -2158
2
3 -2045
2
0 6008
0 4049
4
0 3582
0 -2121
3 -2121
0 -1904
1 6043
1 4741
2
0 2759
3 4049
0 -1455
2
3 505
2
1 4578
0 6328
3 -448
0 5037
3 6063
0 2776
2
2
0 1533
0 1586
3 4813
3 5577
0 463
3 2794
0 1838
1 4651
3 1838
3 3582
4
2
0 4497
2
0 1092
0 1540
2
3 6351
3 4578
2
2
3 5074
4
0 -153
2
0 813
1 6924
4
0 2075
3 5037
0 7000
0 3141
0 2577
2
0 2073
0 6328
2
3 2759
0 6711
1 812
3 2776
0 704
2
0 6239
2
3 -2104
3 4741
0 5412
0 5807
3 3456
2
0 -2992
0 5978
3 4651
0 -549
3 6043
0 2708
3 2708
3 6328
3 4497
4
4
2
3 7000
0 1904
3 3683
0 5032
0 2330
1 -549
2
0 5032
0 -500
3 3168
0 5807
0 4312
0 -1837
0 4245
0 -1207
3 504
1 2330
3 2330
0 -848
3 5412
0 1904
3 1904
2
3 5807
0 3859
1 5978
3 -1535
3 5822
0 5949
3 3141
2
0 6239
2
0 -2016
1 41
0 6773
0 23
1 4312
3 2890
2
3 6773
0 866
3 5032
2
1 6711
0 -1504
0 -1236
2
1 4245
0 5123
2
0 2981
3 5123
0 3662
3 3859
1 6019
2
0 -899
0 6186
0 6799
3 6019
3 6924
0 3486
0 6239
0 -2562
0 4245
3 6239
2
0 1938
0 4283
1 1938
0 2948
2
1 -2055
0 3581
3 6711
3 -1612
3 4137
0 1471
3 6186
0 1153
0 -2551
0 1471
1 3581
2
3 1153
0 -1248
4
2
0 -550
0 6924
0 -2142
1 4312
3 1938
0 2194
1 2800
0 -183
0 826
2
0 2598
2
0 1881
0 1949
0 6548
3 1881
0 345
0 -1060
0 4575
3 2981
2
0 1737
0 -1352
3 3662
0 4210
1 -1192
0 4108
1 4575
0 5542
0 2104
3 4108
3 4283
0 -1024
2
3 4312
0 5175
2
0 -1979
2
0 6968
3 6008
1 6924
2
3 2844
0 2547
0 5976
0 -1636
2
2
1 5079
2
3 6924
2
1 1112
2
0 2070
0 -2235
3 4575
2
0 3930
0 6839
0 -578
3 6799
2
1 -1445
3 3052
3 6839
3 4245
3 3806
0 1737
1 1949
0 527
0 4345
1 5949
3 5175
2
0 3484
1 5949
3 4210
3 5976
0 482
0 567
4
0 6114
1 -2189
3 2104
0 4569
3 6968
2
1 3413
0 2820
0 5542
0 6548
1 3484
3 2547
1 3144
0 -2192
1 1102
3 -2192
2
3 5949
2
3 6976
0 -1987
4
0 2532
2
0 3105
0 -1245
0 3613
0 -2512
0 6536
3 2598
0 3468
3 2194
0 738
0 155
0 5580
1 6539
3 155
0 -2548
3 3613
0 -1966
3 2820
0 -900
3 -1344
2
0 5938
0 -2849
0 -1551
0 4925
2
0 539
0 3187
1 4925
0 4539
3 5580
0 -2731
1 5542
2
0 1601
4
3 4173
3 2070
0 -1840
3 3930
2
0 5845
0 -1028
3 4345
3 3468
0 6892
0 858
2
3 6548
0 -466
2
0 -2947
0 -1028
0 1768
4
2
1 539
0 4291
3 5542
0 -2426
1 3486
1 6949
1 6779
2
0 -2919
3 -2919
3 6987
0 6048
3 6114
2
0 783
2
0 -2921
0 2383
4
2
4
3 783
1 4033
3 738
3 1498
0 993
3 5845
0 6448
4
0 6502
4
0 6957
3 -1028
3 3105
2
2
0 4291
1 993
0 3581
2
3 1768
0 3187
4
3 6957
4
0 2140
1 2532
3 6448
0 2528
1 2140
3 644
1 1601
3 858
2
3 4569
0 6633
0 -2213
0 -1893
0 3108
0 -335
0 4713
0 -2224
0 1268
2
3 1601
0 4713
0 2210
1 1234
4
0 3483
0 -2602
3 1949
4
2
3 2528
4
2
0 6897
1 590
0 4383
0 5910
3 2532
0 2531
0 -1912
3 4383
0 -2621
3 4713
1 6536
0 6832
3 3486
1 6892
2
1 -70
0 5510
3 6164
3 5939
4
3 1268
1 6897
0 3842
1 3581
4
3 3581
1 -1218
0 -135
0 99
3 6536
2
0 -1301
1 -1301
3 5910
1 5510
0 4684
3 6502
0 780
2
1 -1301
2
4
3 4684
0 3583
1 6892
3 6897
0 -2085
1 6892
4
0 4539
3 2210
0 3148
2
2
0 6427
4
3 2531
0 -2631
1 -135
3 3842
0 6117
3 -2803
3 6427
0 6584
0 2474
1 3707
3 6892
0 6584
3 4291
4
3 6117
2
0 -119
3 6584
3 3484
2
0 1701
3 3583
0 1300
3 -1074
0 315
4
3 5510
4
2
2
3 3910
0 1727
0 -2230
2
1 2474
0 6869
1 3148
3 3707
3 3108
3 4925
2
3 2031
0 2474
0 4053
4
1 -362
0 -2822
0 5492
4
0 -289
1 5492
1 3617
0 1300
0 2340
0 -1164
0 3570
2
1 6048
3 6832
2
0 5704
0 1354
2
1 1727
0 6121
1 780
0 3483
3 1727
3 2340
2
3 -78
3 5704
0 -2860
0 3148
0 4388
0 811
0 3126
1 3483
4
2
1 2140
0 -635
0 -2251
0 2269
0 5487
0 2039
2
1 3483
1 1441
1 5978
1 6121
3 3126
0 -2200
0 3279
0 -1681
3 2140
2
3 6869
0 2804
4
0 5497
0 4953
0 6048
0 3148
3 1701
2
0 3049
2
3 3049
0 6133
2
4
4
3 4053
0 6230
1 6133
0 1743
0 -2364
0 3356
0 6065
3 5573
2
0 4428
2
0 2588
1 717
2
3 5978
0 2681
0 6769
3 3483
2
3 3570
0 -2570
0 157
0 -1988
3 2948
2
3 2269
0 4565
1 6065
0 1745
4
3 5492
0 200
3 6065
0 149
0 5305
1 6313
2
3 3148
0 200
1 6230
2
2
3 2039
3 1745
3 4953
0 -2144
1 1086
0 -2270
3 6230
0 -451
0 2804
2
0 6558
2
3 5305
3 6133
0 419
4
3 200
3 3187
2
3 2681
0 3620
0 -2579
0 4147
4
0 5735
2
0 -1325
1 -2759
3 5735
0 4261
0 -556
2
3 -556
0 -2707
1 6769
0 -2295
2
4
0 -1275
3 5938
0 3850
4
0 -1476
0 6889
0 5449
3 5487
2
0 404
1 1045
0 2688
0 4632
3 4388
2
0 2857
0 -786
0 -1781
3 6769
3 -1781
0 1569
2
1 4632
0 4633
0 -786
0 1776
3 2884
0 3182
3 1776
3 4428
3 3807
0 -334
0 4265
2
3 4134
3 4265
0 2471
0 -480
1 2688
3 -480
3 3182
3 3279
0 3006
1 3356
0 -2227
0 6010
3 4147
3 6859
4
0 3824
4
4
4
3 3006
0 1266
3 3850
3 6889
0 263
3 1266
0 -2272
0 -1404
3 2354
2
0 1287
3 -975
3 4539
2
3 6121
0 3203
0 5399
0 -947
1 1287
1 6010
1 -554
2
1 3824
0 6551
1 5713
2
0 2698
2
3 3620
0 4633
0 -547
0 4435
4
1 5399
1 6558
1 4633
2
2
0 2944
0 2804
0 -74
3 419
0 -2526
3 2944
0 77
3 1287
1 6633
0 1359
1 2614
1 -74
3 5449
2
4
0 2383
0 6402
0 1633
2
2
0 404
0 4186
0 -2060
3 2474
1 2190
3 3356
0 3805
2
2
0 1446
4
2
2
1 1022
3 5304
0 -1128
2
2
0 3203
0 1118
0 6295
3 4632
0 -2861
0 2337
4
0 6349
1 6402
0 5399
2
3 4186
2
2
4
2
0 -516
0 5748
0 255
0 -2186
0 988
0 2620
3 2383
1 6985
2
0 -1189
0 987
3 2804
2
1 5497
3 988
0 5399
0 -2836
0 588
2
0 5539
2
0 1670
0 6662
4
2
3 6048
3 6395
3 4435
0 -994
0 2688
2
3 -2369
0 -2108
2
2
3 2698
2
3 2688
3 6551
0 -991
2
3 4261
4
2
0 -1096
0 4559
0 -2974
3 6662
0 3389
2
4
1 4812
4
1 2588
2
3 5748
2
3 3805
0 4218
0 641
0 2986
0 -1794
0 -449
0 -1814
3 -2956
3 5539
4
0 6842
2
3 6402
2
0 2857
3 4770
0 -810
0 4512
3 6633
0 2986
0 2067
0 6809
0 -53
0 -1405
0 5502
0 336
0 1123
3 -1949
0 -1600
4
3 -1197
2
0 -1719
3 2067
0 1582
3 2857
3 -1719
0 -996
0 1289
2
0 641
2
2
3 3420
0 563
0 3218
0 641
3 336
2
0 5205
0 4036
3 6558
2
0 -268
3 5399
0 -1599
0 2772
3 4633
3 2652
3 5666
0 3389
1 3824
2
0 1616
0 4998
0 -2514
3 3203
0 4107
1 4036
3 4512
3 641
0 -1129
2
0 5217
2
3 4107
0 4209
3 1289
0 2413
3 5497
3 2772
2
2
0 3431
0 484
2
3 1582
3 -1890
0 4559
4
0 -2851
1 2413
2
0 4332
3 5217
3 6349
0 2772
3 4565
0 -2866
3 4036
0 3358
0 1625
0 -2672
0 2772
2
0 5615
0 1374
0 2883
3 2620
2
2
2
3 6010
0 5547
3 1625
2
0 4877
0 3771
3 2413
4
0 4975
0 5020
0 3578
2
1 2772
2
2
3 4209
2
2
3 3771
1 4975
0 92
0 -4
2
3 5502
2
1 5615
0 -2088
0 2079
0 5332
0 5922
1 5205
0 5105
1 4998
0 5922
2
0 -11
0 1931
0 4998
3 5547
0 -2465
0 4611
0 -1377
4
2
0 -958
0 239
2
3 3779
3 1931
2
0 844
0 -2379
0 4750
4
3 6842
0 1073
0 2054
2
0 2634
3 2054
0 837
3 4975
4
0 809
0 -483
0 14
3 -483
0 5995
2
3 14
4
0 5018
0 -2806
3 5018
0 6648
4
2
0 6653
3 -109
1 809
3 5922
0 4311
3 2079
0 -313
4
1 4646
2
0 5200
3 239
0 3477
3 1073
0 5351
2
0 3293
3 2782
1 -1542
1 463
3 -1134
2
1 3477
3 -1559
0 1401
3 6295
0 -1709
3 -1709
0 1993
2
0 4321
2
0 5858
4
2
0 772
3 5858
3 3824
0 -1915
0 2120
2
0 1324
2
2
0 2796
0 1305
3 1260
3 3358
0 -212
3 2116
2
3 5351
1 5200
0 -36
0 4998
2
1 3389
2
0 3477
1 4311
3 6809
0 -154
0 4837
0 6959
0 3477
3 4218
4
0 -2146
3 4321
1 3431
3 4311
0 2290
3 2120
1 3293
3 4332
0 20
1 3431
0 2235
1 5205
1 5332
1 5615
2
0 6238
4
1 5105
3 2235
0 -2648
1 5995
2
0 6637
0 -2114
3 6648
0 2971
0 1168
3 3173
2
0 -1205
3 3293
0 4837
0 1794
3 3389
0 4611
3 5887
0 5105
3 1794
1 3477
0 6761
0 4355
2
0 -1315
2
3 6238
2
3 3477
1 6761
0 -182
4
2
0 6276
3 6761
0 2634
3 5955
0 916
3 5995
0 2616
2
3 6653
3 4877
0 -1704
0 6720
0 -2619
0 2917
0 -1613
0 3088
2
3 6625
3 4611
1 1349
1 3088
0 4826
0 1260
2
0 2133
2
4
3 6276
2
3 2133
0 4559
3 5615
0 -150
0 6103
0 5205
3 3686
3 4837
0 -949
0 5466
0 1359
0 5232
2
3 2796
0 2351
2
2
0 3051
2
3 6103
0 6695
0 -1699
4
3 4826
0 3784
3 3784
3 4559
4
0 785
0 1948
0 -2633
3 3431
3 5232
3 4669
4
0 4309
0 -1960
0 -56
2
0 1850
3 6959
0 4276
2
0 4490
1 1850
3 2351
2
0 925
1 -462
2
3 5105
3 5205
4
0 369
3 6720
3 3051
0 3981
0 3198
0 6441
0 -486
0 -1529
1 5755
3 925
0 2462
2
0 5706
2
0 116
4
3 2616
3 1948
0 2217
0 1609
3 1609
3 5020
3 6580
2
3 6695
1 5706
1 5466
2
0 -893
0 5205
2
0 1991
3 6441
0 -882
3 3670
1 3088
0 5342
0 -212
2
0 4355
3 6121
3 4750
3 1359
0 3899
2
0 -2245
0 -66
1 5200
0 -1756
0 4424
3 5706
1 5466
0 4380
2
0 2092
2
0 4276
0 5709
1 3198
3 -66
0 2841
3 3198
0 4769
3 4355
0 2460
3 2092
0 6067
3 4424
2
2
1 2634
3 101
3 5205
0 -2737
2
1 3088
0 -819
1 4490
0 -1433
3 5200
2
0 -18
3 1991
0 4309
3 3899
3 4380
3 2841
0 1755
1 4769
0 -2279
0 4902
0 6808
3 2634
4
0 -454
0 2462
0 557
0 -1326
0 3562
3 4276
0 1473
2
0 4490
0 5709
3 2971
0 2635
0 -1896
2
3 5342
3 4998
0 4424
0 923
0 3578
0 -1086
2
3 6637
0 5688
3 1041
0 6353
1 3088
3 5466
0 1343
2
0 -902
2
0 5917
1 6353
1 4769
3 1755
3 4769
1 1776
3 5709
2
0 4494
3 4424
2
3 2917
3 2541
1 5332
0 -2260
1 3981
0 411
2
0 3763
0 3177
0 -2841
0 4490
0 -1157
0 5432
2
0 -2343
3 3578
0 5318
4
3 2635
2
0 2290
0 5671
3 3177
0 5111
0 112
2
4
0 5183
1 2460
3 5332
0 -386
3 3562
0 -18
3 3763
0 6353
3 4309
2
3 2460
2
1 5671
3 3088
0 4109
3 2290
0 4551
2
2
2
1 1343
4
2
3 5183
4
0 508
4
0 -2982
3 -2619
3 -486
4
3 5671
2
0 -2618
1 2217
0 6110
0 1035
0 443
0 -2406
0 3415
3 6110
1 -2618
1 2217
0 3981
0 5931
0 4003
3 -2406
4
3 -449
0 -2733
2
0 -806
3 5432
3 5318
2
2
4
0 4551
0 159
0 159
2
3 1473
0 -11
2
2
0 1996
0 -2696
0 -648
3 5111
3 -648
0 2462
0 -160
3 -28
2
0 2625
3 1343
3 -963
2
0 628
0 945
1 2462
4
0 5989
3 2625
0 3267
3 4490
3 5989
4
2
0 4494
0 -959
3 5688
2
3 4109
0 3054
1 4357
2
4
1 4902
0 2296
0 -2686
0 5772
3 6808
0 2217
1 4073
0 1556
0 3415
2
1 4551
0 -763
0 -479
0 -99
0 5833
3 3415
2
0 161
0 194
0 3094
3 4003
4
0 5083
0 3213
0 589
4
3 5917
0 6723
0 2909
0 1822
0 5048
3 1831
2
0 3621
3 5083
0 4551
3 4902
0 2909
1 4494
0 2217
2
2
3 3094
1 4016
4
3 5833
0 5404
3 3621
3 1035
0 2472
0 -458
3 2462
0 6156
3 6156
0 6065
3 -458
2
3 6065
0 -65
0 -2904
2
3 4494
3 5931
0 5682
1 3329
2
0 6295
0 4825
4
3 5772
3 962
2
2
3 1996
0 6067
2
0 -909
2
0 -1557
0 -2821
0 857
3 4388
0 -2181
0 1387
3 6353
0 2099
4
4
0 4246
1 4825
0 -1627
0 3513
0 3701
0 1841
3 4551
0 -1733
0 2796
0 6250
2
0 3104
2
0 5394
1 2296
3 857
2
3 -420
0 5631
0 5547
3 6250
2
2
1 2295
0 5546
0 -2832
2
3 3267
0 6240
0 2903
2
3 -2051
3 5546
1 5376
0 479
0 -2005
0 5001
3 2909
0 5393
3 3104
0 -2909
3 5189
2
0 474
2
0 2356
2
3 1841
0 2472
3 2296
0 3234
3 5393
0 6329
3 5319
0 384
1 5394
0 5918
2
0 6671
3 1708
4
2
2
4
2
3 3054
0 2358
4
3 3513
0 3375
1 6295
0 6556
2
0 -1178
2
0 6695
0 6198
1 6556
3 5025
2
1 4825
3 5404
3 3690
0 -1109
3 5048
1 6329
0 -2753
0 -1329
3 3701
3 -1109
2
3 2796
1 6723
0 5742
0 -2818
3 2903
1 6240
3 5631
0 -1953
3 -1329
0 6556
0 4221
1 4221
3 3234
0 3403
2
2
0 3670
4
3 5682
0 513
3 5547
0 -194
1 3375
3 6723
4
3 6695
3 5394
2
0 6003
2
2
3 6198
3 3403
1 6329
0 -782
0 -501
0 1737
0 5276
2
0 1366
3 4246
2
0 -1291
0 4825
0 2455
3 5918
2
2
0 6329
2
3 6295
3 3670
3 6556
3 5742
3 6329
3 5001
0 5650
1 2455
3 3213
3 6671
0 -409
0 239
2
0 2637
0 2081
1 -1893
3 2081
2
0 6068
3 4221
0 5658
0 1235
0 2586
2
0 1304
0 3787
0 -1018
3 2586
3 3981
2
2
0 -1576
3 999
0 -2169
0 3787
3 4825
0 1227
0 4241
0 5153
3 1227
3 6240
3 5658
0 6304
0 3212
3 3375
0 4624
0 4051
2
4
3 5153
4
0 2963
3 4241
2
2
0 -1366
2
0 6180
4
0 -1497
3 6304
0 4504
0 6411
3 6411
0 838
0 3385
0 -584
2
3 3212
2
3 2963
0 3639
1 4607
3 6180
0 3332
0 1380
0 -2405
3 3332
2
0 -1032
3 838
0 2455
1 6003
3 4230
0 5182
0 1699
3 1380
2
0 -1307
2
2
0 1770
0 5276
0 6283
0 -515
4
3 -459
3 6067
0 6598
3 2734
3 4624
0 -1974
1 5650
2
1 3385
2
1 6068
0 4427
2
0 6338
0 3787
0 2197
2
0 1115
2
0 282
3 6068
4
3 4849
1 282
2
3 4051
3 5182
0 -2413
0 4734
0 832
1 -2413
0 3418
0 2
0 1677
3 6003
0 -2917
0 2783
3 6283
0 -2947
0 1682
0 -2876
1 832
3 -2091
2
0 3418
0 2140
0 4384
0 3342
0 -2942
0 -1789
3 1682
0 -1425
0 -1010
3 2472
0 5526
2
0 -1514
0 -4
0 6667
1 3342
1 -2413
2
2
2
0 3390
0 1395
0 2879
3 -1514
2
0 -1331
0 -1519
1 3787
2
2
0 1055
0 -2750
2
0 2496
2
3 3390
0 5924
3 6598
3 832
3 3385
1 4734
0 2812
3 2812
2
1 3342
0 6489
2
0 216
2
1 1055
0 -1744
1 5650
3 6489
4
0 4384
0 -1941
0 -2982
0 -2119
1 5924
0 2164
0 570
3 2637
0 3196
2
2
3 5924
0 314
3 570
0 386
3 -991
3 6667
3 5276
2
0 5410
0 6482
0 386
3 4734
2
3 3196
0 2014
3 4504
0 -187
0 2891
0 4548
2
0 2650
0 2164
0 2566
0 2097
2
0 2
2
0 1602
0 3282
2
2
1 6338
2
0 5587
0 -2368
0 -1826
2
4
0 2977
3 2879
0 5700
3 -1826
0 6223
3 4384
1 4427
3 3418
0 5172
0 -872
2
0 4738
2
0 2565
3 2565
3 3342
0 3979
0 703
1 3639
3 2566
3 5650
1 5522
0 -2820
0 1194
2
2
2
3 3639
0 4862
2
0 1031
0 5473
2
0 5038
2
3 2164
2
0 -2823
0 -2138
2
2
0 6343
3 2783
2
0 3282
1 2650
0 2867
2
0 -1276
0 -1736
0 5826
3 3979
3 6223
4
0 3399
3 5826
0 3157
3 2891
0 2610
0 4755
0 845
0 -2096
3 4755
2
0 -823
0 4022
0 5473
0 -1470
1 6482
3 2496
3 2977
1 6343
0 608
0 1808
4
1 4427
1 3787
1 4738
3 4738
0 5333
3 5410
2
2
0 5700
3 6482
4
3 3787
0 6126
2
1 5587
3 5587
2
0 4761
0 4062
0 288
2
2
3 4022
3 6338
0 -2744
0 2489
0 5845
3 -2744
3 2455
3 384
1 2650
0 -375
0 768
0 -1292
0 6118
3 2867
2
0 3820
2
0 -513
3 3157
4
0 76
3 5700
1 6118
2
0 3507
1 -1303
3 3399
0 4658
3 3779
0 6440
0 -1644
3 6118
0 -180
0 4235
3 5473
1 -1644
1 845
2
0 6337
0 5658
0 -2440
3 6126
3 6343
3 -2246
0 6268
0 -2243
0 2854
3 -2440
0 6246
2
2
1 6268
0 3735
1 -1880
3 4761
3 4062
4
0 4578
0 5757
0 5805
2
2
3 4235
2
3 5333
3 5172
3 6268
0 2759
3 2353
1 3820
2
0 5920
2
1 2854
0 147
0 2056
3 4548
1 2854
4
1 2099
0 1672
4
3 2759
0 -1002
0 147
3 -1002
0 1483
0 4848
2
0 6707
0 3942
0 5933
3 5933
0 622
4
0 5400
0 5683
1 1672
3 5526
4
2
0 2344
0 -2977
2
3 4658
3 6707
0 -1502
0 6275
0 -895
3 1672
0 1726
3 3820
0 4188
3 3735
3 -895
3 4427
3 3507
0 1319
1 2854
0 6440
3 3395
0 5170
1 5170
3 -1782
2
1 -993
0 -1166
2
0 -277
1 3942
0 1687
1 1319
4
3 2344
4
1 6246
3 1687
0 -108
0 5278
2
3 4188
2
2
0 4532
1 4532
2
2
0 3559
3 3559
2
2
0 5362
0 6232
0 -1528
2
2
0 6347
0 123
0 3793
0 -575
3 -575
2
3 5278
2
3 3793
0 1331
0 6832
3 6347
0 4862
3 6832
0 1285
0 6533
3 4862
3 5658
3 6275
3 6246
3 3389
0 2992
2
2
0 1549
3 6533
2
0 -1896
3 6232
2
0 255
3 6440
1 5683
0 -726
2
3 5757
0 349
3 6337
1 1655
0 4753
0 2558
0 135
2
0 -2783
0 3638
3 5400
0 695
0 -2299
3 -2783
0 -414
0 -2651
3 3638
0 2958
3 5362
1 349
1 6097
0 6737
0 1554
2
3 -414
0 6880
0 2958
0 2558
0 6918
0 3282
1 5920
3 4848
2
3 4578
0 6492
0 5683
2
0 3738
3 3282
0 -1075
0 3497
0 5170
0 6717
0 -1463
0 5779
3 1554
0 6809
1 5923
0 6414
0 2992
3 6918
2
0 6321
0 5616
2
2
3 6414
3 5038
0 94
4
1 452
2
2
3 5779
0 -1357
2
2
0 6860
3 6308
2
3 4753
3 6737
3 2992
1 5805
0 -1186
0 -1093
1 6860
0 -75
0 5683
1 2928
0 990
3 5920
0 3504
1 5845
2
3 -476
0 4182
1 3497
3 5845
0 -603
0 -583
3 6492
3 3942
3 -583
0 624
3 3497
0 4182
0 -2823
0 1172
0 5734
0 -1947
0 2475
3 -831
0 3173
0 6899
0 -2705
3 5683
2
0 -415
3 -603
0 6155
0 3509
0 2664
3 6321
2
0 4712
0 6615
3 4182
0 5229
2
2
3 1172
0 5387
2
1 6155
0 -2133
3 3738
0 4061
3 2664
1 5229
3 4061
3 5734
3 4532
1 5805
0 624
4
3 6615
3 -75
3 624
0 4829
1 5538
3 6717
0 5136
0 1345
0 4812
0 -414
0 1694
0 4357
2
0 -1675
0 867
0 2648
0 -2885
2
3 2475
0 5805
3 4357
2
1 -414
3 5229
1 867
0 515
0 3132
0 6775
0 -850
0 856
4
3 6899
3 5136
3 6860
2
4
1 3509
3 1694
0 -1045
0 3771
2
3 4122
0 4037
0 -287
0 3910
0 6809
2
0 995
3 4037
0 -2339
2
3 3504
3 2371
2
0 6809
0 3510
0 5170
0 -1034
2
2
0 5434
1 3510
3 867
3 4829
4
3 5805
0 -1699
3 1345
0 206
0 6775
2
0 741
3 3132
0 -254
0 1710
1 3510
3 3771
3 3910
3 6880
0 3037
0 2551
2
0 4728
1 -1266
1 741
0 -2072
3 741
3 206
0 -2613
2
0 1996
0 -130
3 -1036
0 6553
0 1897
0 3838
0 -2775
2
2
0 3095
2
2
2
0 6547
3 6775
1 5387
1 6553
3 3095
3 2743
3 2648
3 1897
2
0 6808
0 1156
0 2062
3 5909
0 2082
0 3
3 3
3 2551
0 2007
2
1 1710
3 5616
3 3034
0 324
2
2
0 -70
3 3037
2
3 -1187
0 -2887
0 -128
0 -360
2
4
4
3 3838
2
0 3956
1 2062
3 2082
3 3251
1 3365
0 5640
2
0 -1791
0 3006
0 -2447
0 -140
2
0 4390
4
3 4390
4
0 1703
1 635
3 3509
0 3432
0 419
4
0 -2176
2
3 3432
3 2525
1 2007
0 6547
0 6155
3 419
3 5640
2
3 3510
0 2927
2
0 6155
0 -2999
4
2
2
0 2927
3 1996
3 5229
0 -155
3 5170
2
3 4728
0 6159
0 3221
0 -2978
4
4
1 5434
2
0 -939
3 3956
3 2007
0 -267
2
2
3 6159
3 6745
2
0 -1983
3 -1611
3 1707
0 2576
2
2
3 4812
0 -2194
0 2769
0 6808
0 5136
4
3 5434
1 4553
2
2
3 5387
0 5080
1 6808
0 -1601
0 729
0 1114
4
3 6212
0 -31
3 2385
1 5136
0 478
0 1136
0 572
3 729
2
0 6597
0 240
0 623
0 2654
3 4712
0 5080
3 1136
2
0 2434
3 -2714
3 1114
2
1 6809
0 2060
2
0 188
0 1195
2
2
0 -283
1 623
0 -1521
0 490
2
1 623
3 1195
2
1 6597
3 6597
0 1773
0 -2729
0 5010
0 73
1 -1657
3 5080
3 5136
3 3006
0 -2567
0 -2816
3 2060
0 5440
0 6277
1 6155
3 1773
3 73
2
3 6277
2
0 -133
4
0 -1318
2
3 3173
4
2
0 4262
4
0 2022
0 5641
3 6809
4
0 6342
0 6801
3 2022
3 2927
2
3 3221
3 490
1 6155
0 1583
3 6801
3 6553
3 6547
3 6808
0 2654
3 5010
2
2
0 5276
3 2335
3 5440
0 -1055
3 5641
0 5875
0 3136
3 4262
1 6342
0 3208
3 6051
1 3208
0 -1055
0 -1818
0 2654
2
1 -1682
3 6155
2
3 3136
2
1 6342
3 5875
0 355
0 6058
0 6074
3 6074
4
3 3208
0 6342
0 320
0 170
3 355
0 -808
1 6058
0 -549
4
2
0 -123
3 6058
3 6386
3 -123
2
3 2654
0 2459
0 2083
0 1376
3 2083
0 1376
3 5276
3 1376
4
3 2459
4
0 697
0 -319
2
3 697
3 320
3 6342
1 170
1 170
0 5562
3 5562
2
0 -1278
1 -1278
1 -1278
0 5078
3 -1278
0 -1695
2
0 6202
1 5078
0 549
0 1758
1 5413
3 5078
0 6857
3 6202
3 6857
0 6919
2
0 2405
0 2405
0 2169
3 2405
2
2
0 -235
3 6919
3 -235
0 1122
0 2678
3 1122
0 3674
0 -1567
2
3 3701
0 5150
3 4524
0 -2146
2
0 5470
3 5470
0 2678
0 1040
1 3674
1 1040
3 3674
0 -2418
3 -1134
1 -2418
2
3 5150
3 2678
0 -1147
0 5229
0 4526
0 3505
0 156
0 5468
0 692
2
0 373
2
3 5468
0 6180
0 1555
1 5229
4
0 6845
0 3505
0 -600
3 6845
0 6180
3 1040
1 6180
1 373
1 1555
1 1555
0 -153
3 692
0 -2391
0 4622
0 4423
0 698
1 4526
0 655
0 676
2
1 4622
2
2
0 -2354
0 -536
2
0 4466
3 4466
3 6180
2
4
3 5229
3 655
4
3 698
2
0 -696
0 -2957
0 -1617
0 4531
0 244
3 3505
0 4423
0 1983
4
3 4423
0 -2848
0 -696
1 -1617
3 -2848
0 4526
0 220
0 3326
0 2121
0 -530
1 2121
0 -46
2
2
2
0 1625
0 220
3 2486
3 446
4
0 -267
0 141
0 1758
4
3 -530
3 141
3 4622
0 -204
1 -46
3 -46
0 4964
0 2691
3 676
0 2667
0 3335
2
2
3 2121
0 3470
0 2667
0 -1964
4
0 5816
0 6952
1 2507
0 6453
3 4531
2
2
0 1297
0 3375
3 6453
0 179
3 6952
3 3470
0 1555
3 3326
0 151
3 3375
0 2057
3 2057
0 -1849
2
2
0 1758
2
2
0 5358
0 4964
0 -2586
0 -1615
3 6834
2
1 1555
3 -1615
0 4895
0 1978
0 4770
2
4
0 2745
0 3476
0 6743
0 6693
3 4770
4
0 -2247
3 1978
0 -952
4
0 6918
0 3094
0 -492
0 -1790
0 -1790
4
2
0 -2617
0 5880
4
3 4895
3 6693
2
0 163
3 1758
2
0 -2609
2
3 163
0 -690
0 -22
0 5833
2
3 -2639
4
0 6260
0 -701
1 4964
0 5514
0 -870
0 1684
0 -1495
0 2455
3 2474
2
2
2
2
0 -2056
0 -1713
0 210
3 6918
0 1634
2
3 4526
3 210
3 1634
2
3 2691
2
0 3326
3 2667
0 6878
2
0 3476
2
0 -1763
0 1076
4
0 5388
0 2032
0 6333
0 6309
1 3335
3 5358
2
0 4920
2
1 1625
2
3 6878
0 32
3 5833
0 -933
2
0 420
0 3961
3 5388
0 5816
0 5508
2
0 3461
0 3317
0 1543
0 1198
3 6743
0 2718
0 3540
0 3480
1 6923
0 -2121
0 5098
0 3780
4
1 2455
2
0 1571
1 1198
3 1983
0 -2086
2
1 5508
3 -1101
3 6333
2
3 3317
2
3 2109
3 1543
3 4964
2
0 -572
1 3476
0 -1746
2
0 -2659
3 6260
0 1966
1 -1789
0 3724
0 -1073
3 3780
0 -2511
2
3 3961
3 2718
1 -2511
3 6309
2
2
2
0 1834
1 6988
3 3326
0 6678
1 5508
0 2632
3 2455
3 1730
2
0 5350
0 -450
3 5438
0 -1131
4
0 2673
0 -450
2
0 5391
1 4137
3 5391
2
0 4968
4
0 1678
0 6177
0 6493
1 3480
4
1 110
3 2673
3 3748
0 1274
0 4352
3 5816
0 4256
2
4
1 6763
1 3094
0 -1848
0 1966
1 3540
2
1 5515
4
3 3335
0 -2428
4
0 6038
0 -2237
3 4352
2
2
3 3094
2
3 5508
2
0 5529
2
0 -2161
3 6038
3 3480
0 5764
0 2510
0 6592
0 4910
0 3882
2
2
0 2012
4
0 2252
0 -2704
0 4920
2
3 3882
0 6873
0 6678
0 5376
0 -1234
2
0 4764
0 3844
0 3146
0 1136
1 5764
4
3 4256
2
4
1 4910
0 -1961
0 5880
4
3 3461
0 745
3 6808
0 4506
0 -1612
1 6873
1 -1612
2
3 4764
3 2745
0 3331
1 5880
2
0 -2337
2
2
0 5034
0 2629
4
0 -2162
4
0 2172
3 4920
1 2629
0 -2206
2
0 -1536
2
0 6694
2
0 3616
3 5350
0 1625
2
1 6177
0 6177
3 2065
0 4346
2
2
1 3616
0 5880
2
0 5764
2
3 5529
3 4832
3 3844
0 3327
2
0 3379
2
0 4197
3 3476
0 5031
0 1522
0 5553
3 4910
0 -1478
2
0 6678
2
0 -449
2
0 1552
1 749
4
3 6873
2
3 6592
3 4968
1 3146
0 3073
0 -2157
0 4820
3 3540
3 6493
3 6840
0 566
0 5626
3 -2157
1 -829
0 213
3 3073
2
1 5034
0 6050
0 4748
3 6050
0 4535
0 6306
3 5553
0 6446
0 5880
0 -2685
2
0 2929
2
0 -1985
3 5031
0 -709
0 -1421
2
2
0 -603
0 -2910
1 -1179
0 3720
1 -603
3 2929
3 5626
0 1793
0 3327
3 6296
0 926
2
3 4820
0 2814
0 2776
2
3 5764
1 6306
0 3646
0 6339
0 437
1 6306
2
3 361
0 5956
3 -306
2
2
0 5430
4
0 6177
0 3724
3 -1072
0 -2930
3 4748
3 3146
0 5052
0 2135
3 -1668
3 3331
0 3868
4
2
3 895
3 4197
0 569
3 3720
0 1089
3 3646
1 888
0 4506
0 -2689
0 -1549
2
0 4748
2
1 5098
3 2776
2
0 1042
0 -242
0 3838
4
3 5001
3 5098
0 -538
3 5052
2
3 2814
3 3616
1 6678
0 -1562
0 4748
0 2177
1 6306
0 6527
1 4092
3 3868
0 -2086
0 -2531
3 5376
3 4748
0 2110
0 5966
3 1089
4
0 -880
2
3 2110
3 -44
3 6678
0 1324
0 -1822
0 -1591
2
0 -1544
3 6339
0 334
4
2
3 6446
1 3327
0 311
0 -2388
3 334
0 -463
2
0 -965
4
3 4506
0 1229
2
2
0 1555
3 6527
0 3947
0 -65
4
3 5862
3 -86
3 -65
0 -2130
3 5966
0 1640
2
3 1555
4
0 2274
0 4149
3 1042
0 5102
2
4
0 790
3 4346
0 5565
3 4535
0 4662
3 5565
1 5956
4
4
0 4886
3 -26
3 284
3 1623
3 3327
2
0 3984
0 -1114
4
1 3724
3 3724
4
3 790
0 1416
0 5357
1 1793
1 1793
2
1 2316
3 311
3 5357
3 -242
0 870
0 2115
4
3 5102
1 3984
0 3422
0 3379
2
0 3272
0 616
3 2177
0 -686
3 1793
3 3984
0 -1702
3 5034
1 -671
0 3785
0 -911
3 3379
0 -911
3 -494
2
2
0 -686
0 3550
0 3822
0 5885
0 4706
1 4886
3 2135
2
0 4709
0 -2747
4
3 1324
0 3842
3 4149
3 3947
3 616
3 5885
0 454
3 5956
0 2406
3 5880
1 2406
2
1 1651
2
0 1229
3 870
0 1640
0 771
1 4709
0 3265
3 -2323
1 1416
2
0 -2741
0 5195
2
0 -2077
1 -2077
0 771
3 6694
1 2277
4
0 6177
3 2274
0 -1264
4
0 5498
3 4709
4
1 5195
2
1 -2343
3 3272
3 3785
0 -727
3 -727
3 5498
2
4
0 4216
0 5588
3 1640
0 3479
0 137
3 4886
3 4662
0 771
2
3 -1532
3 2115
0 6302
2
0 75
0 75
3 1416
0 863
0 5588
1 3550
0 5178
3 5588
0 -1686
0 4797
0 3666
3 3838
3 1229
3 6306
0 1826
0 -121
0 3114
0 6743
0 5106
2
3 3265
3 2406
0 3114
0 -1075
1 3822
0 5932
3 863
0 1600
0 -1395
2
3 3666
3 3479
4
0 5692
0 -2702
2
3 5196
4
3 5430
0 3503
0 5705
0 6374
0 3422
2
0 3091
3 3114
3 3822
0 6506
3 6506
3 5514
1 1826
4
3 5106
0 3925
0 6876
0 6015
3 3091
0 2578
3 -121
2
0 6739
3 1826
0 2817
0 2284
1 6287
3 2284
0 5753
3 5705
3 6743
2
1 3550
4
0 -1994
0 -2636
0 3481
3 4016
3 4797
0 554
1 4216
4
2
4
0 -2832
3 6302
2
0 -2071
0 2613
0 4391
0 5753
0 1653
0 -1377
0 2525
0 2613
0 1129
3 1129
2
0 5215
0 -2137
1 554
0 6374
3 2817
0 58
0 471
3 6876
3 58
4
1 5692
0 4007
4
3 5692
3 2525
0 -2525
3 3422
3 3925
0 6374
0 -520
0 4276
1 554
3 -2137
0 3644
2
0 3630
3 -1377
0 541
3 2534
0 -721
3 -1297
0 -2682
3 6015
3 1653
0 4874
2
0 -1299
2
0 -215
1 2812
0 -2647
1 4276
2
3 3842
0 211
0 6859
1 5949
1 5932
3 6374
0 -2571
3 3550
3 6177
0 6457
1 3644
0 1390
3 4706
0 2365
2
4
0 4276
2
0 6859
0 -219
2
2
2
3 2578
0 6659
0 -2217
3 3503
1 5753
2
2
3 3630
1 2961
3 5932
3 6659
1 -1835
0 -1585
0 3481
0 2190
0 5013
1 4874
3 4216
0 -2149
1 -2149
2
3 6739
0 4884
1 4276
0 -2229
0 -1445
3 4797
0 -869
0 2600
0 1305
4
2
0 1709
3 5013
0 -1352
3 1709
0 -2506
0 1750
0 -2103
1 5992
3 5178
3 5753
2
0 3155
3 1390
1 211
0 -289
0 4316
0 -974
2
2
3 3644
2
1 -974
3 444
2
2
0 908
3 5195
1 541
4
2
0 5235
1 2365
1 -289
0 1696
0 -2374
0 -2257
3 908
1 4316
0 -2091
1 -2091
0 -2967
0 6140
0 4552
3 6140
0 372
2
4
3 6457
0 -2861
3 3476
2
0 4101
2
1 3155
0 3156
3 4874
0 2613
0 -2383
0 -1774
3 -2889
3 1696
0 2360
3 372
3 4007
0 -2259
2
0 1750
0 2887
1 4276
4
4
0 4132
2
0 -2590
1 4132
2
0 4729
3 4391
0 6730
3 554
3 4101
0 3501
2
3 3501
0 6148
3 5215
0 27
3 1750
0 6597
3 4729
1 2190
1 6597
3 4316
0 2373
3 6859
0 6820
2
3 -1774
0 5067
3 2600
0 5067
0 2488
0 1646
0 3533
0 -19
0 4955
2
3 6730
0 2536
0 2147
4
3 211
0 3754
4
3 3480
3 471
0 6837
1 6597
3 3533
1 672
0 2666
4
3 3754
3 5067
0 1931
1 2887
3 4955
3 -56
0 -1515
1 4132
0 1730
2
0 4384
1 1646
3 4384
0 4220
2
3 4552
1 1646
2
3 6148
0 1812
3 1305
0 6716
3 4276
2
0 1263
0 2823
2
1 4471
2
3 3156
4
1 -571
4
1 4675
3 2488
3 2613
0 3711
0 3193
1 2536
0 2261
3 2666
0 2706
3 2536
2
2
1 6597
0 60
0 4220
3 3481
2
3 2823
1 2261
3 2360
0 2663
1 6597
3 1931
1 3193
3 3711
0 -238
0 3342
3 2706
3 2147
0 1726
2
0 -107
0 6525
3 2261
3 1726
0 5184
0 5054
3 4132
4
3 6843
4
0 5343
0 5141
0 6439
3 2190
2
0 5184
2
0 -2074
3 6439
0 4173
0 222
0 -1168
0 3412
0 -1666
3 2373
0 6894
3 5179
4
3 4220
3 3193
0 5067
3 -1168
1 2450
0 6448
3 6525
3 2663
0 -1498
2
2
0 -1531
0 -1962
0 -2345
1 4884
0 6837
3 4884
3 -2345
0 1100
2
4
2
0 5007
3 2582
0 1424
0 -2495
0 -176
3 5184
0 -777
0 -2213
0 6971
0 2976
0 6813
3 2976
4
1 898
1 5343
0 1982
3 -777
0 5067
3 3412
0 -790
2
2
3 -176
3 1982
0 -501
2
0 3155
0 2494
1 6813
1 1424
3 6597
0 5381
0 -2758
0 2315
0 6292
1 2494
0 1037
0 122
1 4315
2
2
2
3 5054
1 5381
2
0 1146
0 4159
2
3 -159
0 6019
2
0 698
3 1146
2
0 2624
0 6837
0 3105
0 -1366
0 5507
0 -219
0 2859
4
3 -195
3 5007
2
0 -1508
0 4804
2
3 5141
2
2
0 3681
2
0 -2202
3 6448
0 2606
2
3 3105
2
3 3681
1 2887
0 -2810
2
0 -1269
3 6894
0 -2995
3 5507
3 5343
3 4804
3 5067
2
0 5235
4
4
3 6837
3 2859
4
3 -1269
4
3 3155
2
3 5381
2
0 1766
3 3342
0 6242
0 -2815
0 -770
1 6017
0 -772
2
0 6670
0 60
0 460
1 -437
0 6559
3 6292
0 -1052
3 460
0 -772
0 2223
4
3 598
1 6019
3 2887
3 6820
0 1306
0 930
4
2
3 5079
0 -670
2
2
0 -2878
3 6971
3 2223
3 4159
3 3955
1 6670
0 -1144
0 -508
0 -2827
0 1528
0 -2045
3 -508
0 6019
0 -64
3 6019
0 -1144
0 6156
0 2040
0 4173
0 3264
0 2925
3 6716
0 -1943
1 2584
0 2895
3 -1943
2
2
0 -992
2
2
0 567
0 5804
0 6278
1 1080
3 5804
3 2624
0 3688
2
3 1766
0 4874
3 4173
3 4874
3 6670
1 4145
0 -2803
0 -1962
2
0 2895
0 4032
4
1 2925
4
0 6559
0 -703
3 -1962
0 1164
4
3 6813
2
1 -2469
0 3808
0 2131
0 -299
0 4205
0 6778
0 1355
2
3 1306
0 2895
0 4300
0 4904
3 4904
2
0 4209
1 5235
1 1213
0 6273
1 2925
2
2
1 5235
3 6778
2
3 930
3 1528
0 6577
1 3264
0 2950
4
0 -235
0 6242
2
4
3 5235
0 -755
1 4205
0 2622
0 -1310
0 6861
0 1914
4
3 2040
0 5332
3 6559
4
1 3688
3 4205
0 6727
1 -1217
3 2950
2
2
0 -1387
0 -1798
3 2453
3 1164
0 3556
1 6727
1 3808
2
3 1914
0 6212
0 -2952
0 4032
0 -109
2
3 2985
3 6273
3 -430
0 -1268
0 -2195
0 6412
0 -2016
3 6861
0 3604
0 1798
0 4239
3 4239
3 2895
3 1355
0 -1387
3 1020
0 -512
0 3139
0 6826
0 1723
0 6469
1 6278
3 2622
2
0 1204
2
4
0 -1582
0 2329
2
0 2131
0 379
3 1204
4
3 3139
0 -1906
4
4
