5000
1001
1 4460
3 6732
0 3053
2
3 4402
3 6338
3 3298
0 -907
0 -907
0 -887
2
0 5533
0 -887
0 2539
0 -1439
0 -2526
3 -112
1 716
0 2331
3 2539
3 -887
3 2331
0 -2655
3 -2655
0 6186
2
0 718
0 718
0 4084
0 967
0 -331
0 2921
0 5161
0 -744
3 2921
2
2
3 4084
3 5533
3 -331
0 1007
3 718
2
0 4674
2
0 5502
0 -798
3 6186
1 -798
3 5161
3 -798
0 5247
1 4674
3 4753
0 4692
1 4674
0 -875
3 4674
1 -1467
4
4
3 5247
0 1454
2
3 1454
0 -1401
2
0 5502
0 3351
0 4902
4
3 4902
2
0 5797
2
2
0 977
3 977
0 2225
0 -2826
2
3 5797
2
0 -1104
2
0 3361
3 3361
0 -1984
1 -1984
3 -1984
0 5075
0 4094
0 -70
0 5075
0 6338
4
0 -70
0 -627
0 4094
0 1580
3 5075
0 -1949
0 -2700
2
3 6338
0 -2006
2
3 -627
4
0 34
3 -1949
0 1409
0 4161
4
2
2
1 3188
0 4094
4
0 -2909
0 3826
0 -985
0 -366
4
3 -985
2
0 4597
3 101
0 -1147
0 5858
1 4094
1 2617
0 282
0 5858
0 -674
3 -1147
0 -2548
3 -366
3 1580
0 796
2
0 1735
3 5858
0 2633
3 2633
0 -2685
0 1760
3 1409
3 1028
0 6159
0 2726
1 2853
3 6061
2
1 4758
2
2
3 1760
2
0 6803
2
0 3293
4
2
3 6803
0 5704
3 4161
0 -2758
3 6159
0 5704
0 -1598
0 397
3 4094
0 -1600
3 397
0 4597
1 -1598
0 481
0 -1600
1 -1600
0 2820
0 5208
0 564
0 -2173
3 481
0 -142
1 4597
3 -1600
3 -2173
4
2
2
3 5704
0 -2605
0 6355
0 1531
1 4597
0 433
0 488
2
3 4597
3 -142
1 3826
0 6680
0 1531
3 564
3 488
0 1068
0 3365
3 433
0 -890
3 -890
3 1068
0 4738
1 5208
2
0 6171
3 2820
3 5208
0 -2437
3 6171
2
0 73
4
0 3293
1 3365
0 2024
0 -544
0 2126
1 -2764
0 1556
3 2126
0 6531
3 3955
2
2
2
0 -2774
2
3 6680
3 6531
1 3293
4
0 6372
0 -58
1 6588
0 2991
2
0 4520
4
0 6175
3 2024
0 141
3 6105
3 6372
0 -980
1 2991
0 4111
2
0 5110
0 3826
3 141
3 4738
0 1342
0 6749
0 5266
0 870
3 3826
3 6175
0 5892
3 870
3 5266
1 2991
3 1342
0 108
0 1824
0 3751
3 4520
0 5533
3 4111
3 6749
0 3293
3 1824
0 799
2
0 -120
3 3293
0 -1923
4
0 1125
2
3 3365
2
0 -2865
4
1 5533
0 2332
3 799
0 3857
0 2332
0 -1238
0 5615
0 1403
0 1905
2
1 5721
0 5972
2
3 2991
0 2332
0 1360
4
0 1905
3 2332
3 -2436
3 1905
1 6458
3 3676
3 5892
0 2127
3 1360
0 635
0 6298
4
2
4
0 3981
4
3 6298
1 757
1 6355
0 3935
0 -2419
0 6859
1 1403
1 -1935
4
0 3733
4
0 2542
3 5972
3 3733
3 3751
2
4
0 -2569
2
0 -1233
1 1874
2
2
0 -1620
0 1616
0 1444
3 1616
0 2687
4
0 3737
0 857
2
0 800
0 3897
0 -225
3 2008
2
2
0 567
0 5617
0 1423
0 -2161
1 6355
1 3935
3 5615
3 857
4
0 -2366
4
3 1444
3 5617
0 5039
3 3981
0 2687
0 4298
0 6376
3 2542
0 -1970
0 5621
0 5260
0 113
0 1948
0 3254
0 3572
3 5110
4
3 1948
4
3 1423
3 4298
1 6376
3 5621
3 6355
1 -2161
0 1118
1 1403
0 5250
1 329
0 -1426
3 -2366
1 3897
0 -1997
3 3737
2
0 6391
2
0 -1246
3 1118
2
1 2687
0 2175
0 2687
3 6859
3 113
3 3897
0 -2867
0 3487
3 567
4
1 -1246
2
3 3857
0 454
0 2742
0 6073
4
0 3935
0 4375
0 719
0 4987
1 6376
0 2701
0 5145
1 2687
3 3254
0 -1218
2
0 -1013
2
0 -911
2
0 -1435
0 243
2
0 4958
1 5250
4
0 5518
0 6078
1 -1013
0 3402
2
2
2
1 3240
0 2411
0 4367
3 5145
3 4367
4
3 1403
1 3572
1 6073
3 -2454
0 3272
0 -2640
0 513
3 -2428
2
0 5778
0 3572
0 568
4
0 -2627
0 5937
1 5937
0 -2922
0 3902
2
0 2434
0 -2142
1 2020
3 3871
0 6139
0 792
3 454
3 4987
0 -346
0 -1386
0 -139
0 2917
0 3513
3 3272
2
4
0 1763
3 2750
0 6279
0 4000
0 3993
3 513
0 4349
0 4197
3 4197
0 6997
0 5786
3 4958
0 3955
3 3993
0 5129
0 -2664
3 6073
0 6287
0 3487
3 3572
0 3402
2
0 792
3 5129
0 3385
0 -2293
0 -1184
0 -83
0 6274
2
1 719
4
1 2127
0 6481
0 4297
0 6921
4
2
0 6194
0 -2479
4
3 6287
3 -83
0 2411
0 1784
0 5786
3 6279
1 2687
2
0 590
4
2
2
0 4234
0 3199
3 5350
2
1 -1861
3 2742
0 1520
0 1221
3 3402
0 1065
0 4103
4
0 6371
0 1690
0 6412
0 2411
2
0 4257
0 2506
2
0 13
2
1 4349
0 6266
2
3 6266
4
0 3155
0 2229
3 5039
0 3794
2
0 2654
2
0 6781
4
1 2434
0 1450
3 6078
0 1937
0 2229
2
2
0 1929
2
0 5933
1 1520
3 1690
4
0 4297
0 -429
1 4000
0 5913
3 3155
0 -2996
3 6274
0 6472
0 -2255
3 3562
4
2
0 2687
0 583
2
3 5250
1 4103
0 6952
3 1772
3 2506
3 2127
3 2946
2
2
0 4375
0 1393
0 -1696
3 6952
0 6707
2
0 5533
3 3199
2
0 230
0 3568
0 3462
0 2979
0 6412
0 2073
3 6481
2
0 5966
0 -2706
2
1 3902
3 1929
3 6412
3 787
0 164
3 6376
0 5276
2
4
0 5801
1 6596
0 806
0 5034
2
0 -2261
0 4000
2
2
3 5801
0 387
2
3 3513
1 6391
3 4000
3 6391
1 2411
2
3 4297
1 3955
0 -156
2
3 -1199
3 6997
0 1549
3 1937
1 5533
0 3559
0 4219
0 -1438
0 -2734
0 2341
1 6319
0 -93
0 656
0 272
3 5937
0 1866
3 1866
2
2
3 4234
4
0 2098
0 -2761
3 2098
0 6364
3 2073
0 -2761
0 3167
0 1549
1 3794
0 5966
3 6371
3 2701
0 188
3 2917
0 2257
2
0 4413
1 2658
1 5966
0 5533
4
0 -429
0 -1968
3 1446
3 5966
3 2979
2
0 4108
0 6311
3 -2601
3 5034
0 3764
3 1784
3 -1322
0 -760
3 4219
0 4590
0 2492
0 4024
2
2
0 -541
4
0 -561
2
3 1549
2
2
2
1 4103
1 4108
3 2257
0 -2677
0 4536
0 161
0 5469
2
1 -2178
3 5260
0 5270
2
2
0 2600
1 5518
1 2654
3 3794
1 5276
3 4413
2
0 -2587
3 2929
1 5113
0 4536
0 3469
2
1 6921
0 -2469
3 2154
3 2229
2
3 4349
2
3 4536
0 1318
0 1321
0 1240
0 -2744
0 6896
3 6781
0 -717
0 5293
0 1789
0 1693
0 2200
0 5979
4
0 920
3 3935
0 -717
0 5042
0 -1185
2
0 -543
3 3469
3 3568
0 5293
0 2548
3 2411
0 3158
0 -2318
1 -2960
0 1812
0 3167
2
0 2479
0 1962
0 247
4
0 2012
1 2012
0 634
3 2434
0 10
2
0 196
3 4103
2
0 2687
0 5163
2
0 1574
0 3902
4
1 2200
3 247
0 2366
0 1414
2
1 4108
0 5443
4
3 3462
3 6139
3 920
3 5533
1 3608
0 6259
0 4652
0 5444
0 -2198
2
0 2718
4
3 3764
0 5251
0 1973
1 -216
0 732
1 196
3 3385
0 5276
1 4108
0 -2870
3 1574
3 1321
0 -559
2
4
2
0 -532
0 437
2
2
0 4091
1 2654
0 5099
0 1318
3 6524
0 6770
3 4940
0 -2587
0 5614
2
0 -1519
3 5933
3 5042
0 -2619
0 4250
1 3487
4
0 3611
0 6779
1 1962
2
4
0 4937
3 5163
0 6514
0 -795
0 389
0 4867
2
3 3399
3 6896
2
1 5518
2
3 5614
3 -1332
1 5778
1 4357
0 2752
2
1 1962
0 2740
2
2
0 -1124
3 5443
0 3260
2
0 3675
0 4860
0 5465
0 5465
4
3 6707
3 6818
2
0 4462
3 4108
0 -1013
4
0 2951
0 2664
0 4655
0 -578
4
0 5564
0 4202
0 1152
2
1 541
0 2583
4
0 -1867
2
0 4320
3 4655
0 4732
0 264
0 1608
1 2951
0 5707
2
4
3 5518
0 2
0 4320
0 3629
0 903
4
0 5807
2
0 4715
0 180
3 1812
0 934
0 5214
2
4
1 5276
3 4652
3 -2703
2
2
0 -1410
2
0 108
0 2112
3 2687
0 5505
2
1 4937
4
3 2898
3 6921
2
3 6311
3 4257
3 3955
3 2600
2
3 6779
3 2341
0 3451
3 3167
1 2012
2
4
