100
10000
1 3113
3 4747
0 -1495
0 -1495
0 -1495
2
0 -2872
2
1 -453
1 -2935
0 4358
0 6082
0 6984
0 4381
3 6082
0 3108
0 3672
0 -2397
0 907
3 4381
0 -211
0 -2012
0 -2708
3 907
0 1254
0 -2216
0 -2012
3 5641
0 3650
0 5183
3 -211
3 1254
0 3626
0 3031
3 -2012
2
3 3108
0 6984
0 221
3 -1330
0 2086
1 1540
0 -125
3 -2397
0 1191
2
0 6148
0 -2318
0 2195
0 -334
0 2179
3 6984
2
0 2195
0 3819
0 6211
4
1 6814
3 3750
3 221
0 1531
4
0 -2593
0 3150
2
3 6148
3 1191
1 3672
0 4787
0 4769
0 4916
0 3318
1 3672
0 4604
4
2
2
3 4787
0 -2458
0 4604
0 -502
3 4916
0 3877
3 2086
3 2195
3 2179
0 -604
0 3031
0 2721
3 3150
3 -2458
3 3672
2
0 479
0 5038
4
3 5652
2
2
0 -2813
1 3819
2
4
0 -96
0 3877
3 3819
0 3318
1 -1195
1 4358
2
0 6900
3 3650
3 1531
0 -2060
0 3968
0 1657
2
0 -1979
0 1375
0 4733
0 2199
2
0 5470
3 5470
3 1375
0 1722
3 -450
3 3031
4
0 -996
3 -638
1 5038
0 310
2
0 4404
4
1 5412
3 -2152
0 4879
3 4358
2
0 5001
0 6646
3 3877
0 -2198
3 5038
0 3071
1 4604
3 3626
4
2
4
2
3 -1075
1 4195
0 4218
2
3 6646
2
2
0 4
0 2905
0 1602
2
3 2905
0 3333
1 3333
2
1 834
4
3 5183
3 4733
2
0 2037
0 -123
3 5001
4
0 -784
1 4879
0 4288
0 4775
4
2
3 4720
2
0 3333
0 3573
0 4404
2
3 6211
0 6095
0 275
1 6095
0 1615
0 4049
3 2628
3 6900
0 910
1 4049
0 420
0 982
3 4769
0 4884
2
1 910
0 3926
3 1615
0 6531
0 -2522
0 -1526
3 982
0 -21
0 3777
0 -624
2
0 -1651
0 3333
1 2265
0 -142
3 -1526
0 5842
4
0 3968
0 -2425
0 -2278
0 2217
0 1203
0 -2909
0 4884
0 3059
0 -1183
0 1547
2
3 4288
3 -2425
0 4033
3 420
3 2217
1 1547
0 2010
2
0 3878
0 2676
3 3333
0 147
0 2809
0 -1183
3 1203
3 -2057
0 -177
0 -35
0 3733
3 2809
2
3 2010
1 -177
3 -142
0 2797
0 6203
0 -1813
2
4
1 4884
3 910
0 -1951
3 1547
0 3322
0 1670
3 2797
0 -471
3 4604
0 5981
4
0 -2329
0 -764
0 -1906
2
0 -737
2
3 3733
2
1 -21
2
0 -713
3 3318
1 -2981
4
0 -1563
0 3926
0 4879
1 -624
0 333
0 328
3 5842
0 -1426
3 2423
0 -2638
1 4856
3 6400
3 -21
0 -1014
0 1421
0 3537
1 4775
0 6393
3 -2638
0 -554
0 6900
0 3544
4
0 6328
2
0 1670
0 4550
2
0 -1203
1 -39
3 -554
1 1670
2
3 3968
0 -2679
3 328
0 -2397
3 4879
0 -1467
1 -1467
3 -1014
0 5933
0 5573
0 -2397
3 -35
3 -764
3 6531
3 -2397
0 6454
1 -745
0 3777
0 -2966
3 3573
0 -2444
2
1 -1987
1 4033
0 974
0 2201
0 1789
1 4033
0 2147
0 6230
3 5933
3 6454
3 6328
4
0 3059
0 -2728
3 4404
0 33
3 333
0 454
1 1421
0 -653
0 -1284
0 5855
0 6791
2
0 5927
3 5927
0 -1467
3 -653
0 -993
0 -1838
3 3059
0 -1277
0 460
3 6791
3 -177
2
0 -2507
3 -993
0 -1571
0 -1367
0 4447
0 4637
2
4
3 2147
0 -853
3 1789
4
0 -1730
0 -890
0 1154
3 5981
0 -2890
0 5211
3 -2444
3 6603
0 -1277
1 4218
0 -1264
0 3452
0 5704
3 2201
3 -853
0 5239
0 5126
0 4685
0 4566
0 -1899
0 6785
0 5022
3 33
3 6095
0 4776
0 471
2
0 -1367
1 460
3 -477
0 -2209
1 -1491
0 3936
3 471
3 3777
3 454
0 -1015
0 -1389
1 4218
0 380
3 -2209
3 5090
0 6324
0 5537
2
0 6324
0 6421
1 5855
0 6708
0 1421
0 -2499
1 -1773
3 -1284
3 1154
2
2
1 3537
2
0 -2550
1 -507
4
0 920
0 -1990
0 990
0 870
2
0 -1579
0 -1467
0 -1123
2
0 -577
3 974
3 4685
0 4584
2
0 -656
0 -1077
0 -2603
0 -2029
4
3 870
2
4
0 2440
1 4074
3 4775
3 -1538
2
1 5763
0 -1201
0 5907
0 380
2
2
3 3926
2
4
0 4115
2
0 2279
3 -656
0 -1280
3 3452
3 6230
0 1586
1 -1280
0 3242
3 2676
4
0 -1098
3 3936
0 -1187
2
0 3880
3 3207
0 5335
3 1670
0 4509
2
0 -1628
3 4033
0 4072
0 296
4
0 296
0 -2141
2
4
3 6324
0 6990
3 6387
0 5899
0 1449
2
0 5170
3 6900
0 -1612
1 -1201
0 5367
0 4483
0 6332
3 -342
0 3672
4
4
2
3 5907
0 4563
0 -2449
3 -2144
0 -2469
1 -471
3 4566
2
0 749
2
3 -2981
2
3 5211
2
0 1285
0 5499
0 349
1 -471
0 -2145
0 -890
0 -2469
0 4231
4
1 2104
0 -1024
2
0 -1105
0 169
3 147
0 -2077
1 5367
0 2279
0 5770
2
1 6427
0 -2385
3 -471
0 -2816
0 492
2
0 3361
0 -2383
1 -624
2
2
0 4849
0 4662
0 1839
0 5073
0 2631
2
0 151
3 4072
0 6848
3 -713
0 47
2
0 -1077
4
0 1115
0 5065
1 5573
0 -1792
1 5126
0 4964
0 910
0 -1626
1 4231
3 4218
1 1285
0 3632
1 6708
3 -737
2
2
0 -577
3 3242
3 6708
0 5704
0 6133
0 4861
0 4509
0 3717
0 2086
1 4351
2
3 910
2
0 -212
2
3 -890
0 6528
4
3 3537
0 1756
0 5926
4
0 5139
2
0 331
1 4597
2
0 1691
0 5335
0 6489
0 4312
0 -2271
0 380
0 423
0 4072
0 5869
0 -2576
3 6203
1 5537
4
4
2
0 3880
2
1 5126
3 4231
0 -2146
0 -2001
0 6918
3 1470
0 5650
3 1285
4
3 460
0 -1322
3 492
0 -19
0 1149
0 6278
0 968
0 880
3 -2014
2
0 1193
0 3288
0 5126
3 -1322
4
0 -467
2
3 6133
0 1199
4
0 -2892
2
3 6528
0 1378
2
0 2875
0 6881
3 423
2
3 5855
2
0 5181
0 3880
4
2
3 1199
0 6737
0 -696
4
0 3878
3 169
3 5367
0 2082
0 4920
4
2
0 -1145
0 -401
2
0 -706
0 6978
1 4584
0 3717
0 6393
3 1839
3 -1567
1 2440
0 3095
2
3 4072
1 -823
3 3672
0 -2239
0 3744
3 5587
0 4342
0 4447
2
1 3632
1 -2628
3 -19
2
1 4447
2
2
2
0 3372
3 3095
1 749
3 2086
1 2872
0 1297
4
3 1586
0 572
0 3055
0 -856
2
3 572
0 -600
3 5899
0 3257
3 4584
0 4312
2
2
0 -60
0 2611
3 3880
2
1 2631
3 6421
0 -2896
0 3001
0 1221
3 592
3 4920
0 -2896
3 779
3 4662
0 722
0 -1651
0 5914
0 3632
0 281
2
0 5661
1 3372
1 5362
2
4
0 4746
2
0 2324
0 2755
0 3435
3 4342
0 5724
3 5098
0 1153
0 6393
0 6033
0 5237
3 6848
1 -1270
0 4429
2
3 4849
3 5914
1 380
0 4794
0 -103
3 3658
4
4
1 4884
0 -2707
2
1 -2601
2
0 4752
3 -1303
1 1149
3 6641
1 4964
3 -1615
0 6310
0 2370
2
3 968
3 3878
3 6990
3 3744
2
3 5065
3 2279
0 -1769
0 4791
4
0 1719
4
0 2934
0 5856
0 1456
3 1149
3 880
2
3 3257
1 1691
2
0 5578
2
2
0 -2452
4
0 191
4
3 5661
0 3492
0 3731
1 6918
2
0 -1818
2
3 3055
3 4159
3 3541
4
0 4812
4
0 -1726
0 121
3 5170
0 3627
0 301
0 1538
0 -2839
1 5237
0 2985
2
2
0 -1975
0 233
0 301
3 6785
2
0 6449
2
3 -293
0 -2482
0 5780
3 1221
2
0 3264
0 -763
0 4340
0 2148
1 1719
1 2631
0 -1984
2
2
4
2
0 147
0 29
1 5143
1 4964
2
0 5578
4
0 5582
2
3 1153
0 -620
4
1 -1611
4
2
0 -2622
0 -2639
0 -2899
0 776
2
0 6980
2
3 6278
0 3323
4
3 776
4
0 -2494
1 4312
1 -515
3 6855
1 4563
2
0 -1997
3 4791
1 4447
0 5995
0 4009
0 5073
1 233
0 -2901
0 2148
0 4605
0 2318
0 2511
0 4963
3 5139
3 5022
0 6676
3 666
4
3 5856
4
0 -2210
0 -1019
3 6489
3 2875
0 1032
3 5582
0 6589
1 5181
2
0 1581
2
0 3971
0 2786
0 3463
3 4963
2
3 3264
3 6393
3 3435
0 4391
0 -1301
0 -1541
4
0 332
3 -1276
0 1116
2
0 -2288
3 5869
2
0 1474
1 1756
0 3177
3 4746
3 6980
0 -1293
0 4447
0 425
3 5239
3 1691
4
4
0 1116
0 4814
0 6773
4
3 4776
2
3 3288
3 2148
2
0 4245
3 1378
3 332
3 1116
0 865
2
1 1719
0 4422
0 -60
1 2440
0 2015
3 4391
0 6313
3 3177
1 2755
3 865
4
3 5578
3 4605
0 2387
0 4713
1 3463
3 5537
3 -984
2
0 1807
0 2728
0 5544
3 1756
0 237
1 5181
2
1 1322
2
4
1 6310
0 4186
0 1902
0 1906
2
0 3124
0 -1412
2
0 5732
0 4774
3 1373
3 6589
4
3 990
2
0 2162
0 4434
0 -2412
1 4752
4
0 1088
0 721
2
0 5872
2
2
2
3 5335
3 5793
1 4964
2
1 1449
3 4483
3 -2240
3 3544
1 5668
2
0 -2150
3 2300
0 5842
0 3780
0 4327
0 -610
0 -677
0 1047
2
0 -1548
3 5650
0 3997
2
3 1193
3 2082
0 5850
2
0 3044
0 -1340
0 -657
0 -548
3 6881
4
0 -2651
3 1421
0 3780
2
3 1538
2
3 4186
2
3 4713
0 5485
2
0 1936
0 -1362
0 6243
1 6016
3 5770
4
1 2444
4
3 -548
2
0 -2970
0 922
2
0 5491
3 4327
0 4663
1 3969
3 5499
0 436
1 6741
4
1 2728
0 3746
0 1057
0 1646
4
3 1902
0 2410
3 1581
1 2985
1 4964
2
3 4340
0 2261
3 2611
3 2631
2
0 1426
0 1426
0 3154
3 3463
2
0 4782
0 6902
2
2
3 1936
3 4782
1 2440
0 6131
0 53
3 1449
3 3746
0 906
4
1 6720
0 3003
3 -2340
3 3003
3 4861
0 5004
3 5491
0 1326
4
2
1 6449
3 2324
0 3069
0 2036
0 5135
0 3453
0 5237
2
2
1 2162
0 1630
0 1256
3 3492
0 4001
0 6184
4
1 6131
1 3323
1 3001
2
3 3001
3 5437
3 4429
0 6158
0 2420
0 5029
3 5704
0 -260
3 2511
3 4245
0 2036
0 4944
0 1476
2
2
1 6131
3 1476
0 5237
3 3453
0 4733
2
0 3892
3 4434
0 -2763
3 4944
0 4669
3 4312
2
0 1503
0 6095
2
0 3270
0 6112
0 6780
0 -2735
3 4029
2
3 6310
0 448
0 2082
0 3294
3 3372
2
3 1807
0 -1378
0 5126
2
1 109
0 6411
0 -1465
3 6918
0 4837
0 1227
3 4422
3 6737
2
3 3632
4
3 1719
3 4812
0 4252
4
3 2440
0 2542
3 5573
0 2763
2
0 -121
3 4001
3 4009
2
3 2015
0 1284
0 5485
0 -1701
0 5110
0 -133
0 5227
3 -611
0 -1832
3 4509
3 3971
3 2036
4
0 1792
0 -2852
3 1294
3 3294
0 -2280
4
2
1 2420
0 6256
0 358
0 2072
3 3154
4
1 4049
0 -1927
2
4
0 -890
3 5780
2
3 5004
0 5217
3 6155
3 6158
1 3892
0 6776
0 -2376
0 2608
0 5175
0 -2821
4
1 2261
3 6313
3 1215
0 4286
2
2
1 5485
0 2501
1 -2569
2
0 5349
0 2894
0 5376
3 5217
0 4850
1 6616
2
2
4
2
1 -2207
0 6204
0 3699
0 5227
3 2728
2
2
3 5376
3 6184
3 4286
3 2261
2
0 -2653
1 2763
0 2512
3 5237
3 3731
0 2100
1 6773
3 6033
0 2649
0 -10
1 5798
0 3774
0 -2900
1 6442
3 -994
1 4532
3 2100
0 6789
0 2236
2
1 5732
1 4563
3 5849
1 1646
3 2894
0 -2279
0 1821
0 2440
3 2440
3 -2475
0 1765
4
3 4669
2
0 6466
0 -1027
0 -1201
0 3463
3 3313
3 5175
0 1339
2
2
0 5866
0 2786
2
2
3 6449
0 1507
3 2420
0 1075
3 4447
0 3323
3 4733
2
0 1906
3 2933
2
3 4774
0 2887
3 3450
2
0 4808
3 3627
0 -894
2
0 1574
2
0 452
4
3 5926
0 2771
3 5872
1 -476
0 -1844
3 2501
0 -910
3 2082
4
0 2984
3 2649
1 5365
4
2
2
0 -1220
1 5087
3 1792
0 4278
0 5472
3 6204
3 2512
0 503
1 2985
3 -1220
0 2314
0 3025
0 -1570
0 4187
0 575
1 4752
2
0 -1734
0 5227
0 -580
0 -2634
0 2517
3 -1499
3 -2634
2
1 3717
3 5850
1 1630
0 6525
2
0 2771
1 5724
0 -2750
3 4563
3 2608
0 -2751
3 4964
1 2072
0 4310
3 5110
0 6780
0 1807
0 -1251
1 4187
0 6463
0 5159
0 -445
2
3 -853
2
3 -445
2
0 610
4
0 6544
3 452
0 1120
0 -609
0 -2783
3 6776
3 5724
2
1 3699
3 5227
3 5866
3 6544
0 158
2
2
3 2370
4
0 160
3 2934
3 291
0 6313
1 1630
0 -1398
1 1690
3 2072
1 5732
3 4637
0 -1711
0 1416
2
2
0 5485
0 2863
0 6095
0 6243
1 3025
0 3002
0 592
0 -980
1 6176
0 -2427
0 -2731
0 5544
0 3024
3 2887
2
3 -1291
3 1765
0 -1638
3 6243
0 211
0 6179
0 4885
3 4884
3 3322
3 -1638
0 900
4
3 5159
0 -904
0 4399
2
0 1120
4
3 5842
4
3 4310
3 3002
3 -2398
0 1621
0 -2166
0 -2606
4
2
0 6620
0 3774
3 -1579
3 1621
0 5678
3 211
0 4794
0 6902
2
3 2763
0 4728
0 -1087
3 1821
1 6179
0 4406
3 4160
0 5544
0 5633
0 3056
0 31
3 1416
0 2903
3 3997
2
0 4295
3 5181
0 336
0 -1529
3 1221
0 -1669
3 4406
2
1 6411
1 6112
1 -2045
3 5126
3 6466
3 4850
1 6095
0 -1574
4
0 2894
3 5633
0 -196
0 5877
3 6179
0 1120
3 3270
2
0 2314
3 6780
0 6313
2
0 353
0 5074
0 5661
0 1577
3 4049
0 -2594
2
0 -1058
0 4187
1 2236
1 -196
0 1063
2
3 4252
0 3780
2
3 6978
4
0 378
3 6350
2
2
0 5835
0 1397
1 -478
3 3056
2
3 2542
4
0 -202
3 2314
0 -1325
2
2
0 -2847
2
3 6979
0 6661
2
0 2410
4
3 5544
2
2
3 4814
0 1469
0 -142
2
1 2576
0 3922
2
0 4278
0 5117
0 6012
0 4882
3 4663
3 2410
0 5934
0 5819
2
2
2
2
2
0 3160
1 4457
0 503
0 5292
0 6130
0 -2524
3 56
2
3 2244
0 -342
0 -1566
3 5434
1 3024
3 6131
0 2417
0 5703
0 6104
0 -468
0 6295
3 2903
3 5678
0 -622
3 5349
3 3069
1 6918
0 4482
1 1469
3 6095
2
0 2946
4
0 1072
3 2236
2
2
0 1697
2
3 2985
3 2946
1 1469
3 -1010
0 -1568
2
1 2267
1 4728
0 -2989
3 5074
4
2
0 3454
3 4808
1 2853
0 2484
3 6676
3 4115
3 1072
3 4295
0 4487
0 6531
2
2
1 -2203
1 5889
1 6295
2
0 -1471
0 1397
1 4482
3 6295
1 6332
1 5819
2
3 4399
0 5074
1 2318
2
2
1 6661
0 2032
2
0 -2576
0 539
2
3 5661
3 -2743
0 3981
3 -1536
4
2
0 -173
1 5703
2
3 6463
2
2
3 6661
0 2401
3 4794
3 6411
0 4040
0 3810
2
3 5995
3 3160
1 3124
1 6902
2
1 3981
0 3734
0 3494
2
1 3699
0 210
1 6620
3 5073
0 4284
0 4511
3 3463
3 210
3 2894
0 1776
3 6525
0 5819
0 2389
0 -1998
1 2984
0 1331
3 6902
4
2
0 -2936
2
0 2771
2
2
0 -1188
2
3 5029
0 185
3 3922
0 5206
0 3238
2
0 3717
0 3780
0 4397
0 2955
3 4837
3 4074
3 6313
3 5877
3 3238
3 2032
2
0 -1464
0 -1943
3 2955
3 3774
0 -21
3 2401
0 -412
3 -21
0 1826
0 5455
0 3260
0 3574
2
0 5082
0 1160
3 2389
2
3 4885
0 -2136
0 6404
0 5782
3 2863
0 2517
1 337
2
3 5082
3 6932
4
3 4662
3 5074
1 4487
0 -1431
0 710
0 -2589
3 4187
0 6476
1 3780
0 3077
0 2896
1 5819
3 4752
3 3780
0 -2864
1 3810
1 5135
0 6092
3 5934
2
2
2
0 3751
1 6104
0 -1912
3 3024
0 -1505
3 4728
3 2484
3 6104
0 -179
2
2
2
0 -1104
0 6336
4
0 6748
0 6332
0 -2086
0 -767
0 -742
0 6431
0 3656
3 3981
0 2044
2
0 159
2
2
0 -2573
2
3 6620
3 4487
0 3900
0 3183
0 657
0 4431
0 4664
0 4934
0 -766
3 4397
3 6431
1 4040
1 5703
4
0 1141
3 159
0 1379
4
0 5637
4
0 1706
4
0 -2240
1 4511
1 657
3 5732
0 -1890
0 3862
3 2896
2
1 -1396
2
0 1103
2
2
3 6092
0 4278
0 720
3 3361
3 6773
3 4664
3 3862
0 6435
0 6496
0 2406
2
1 4511
0 6628
3 3323
0 1009
0 4511
0 -759
0 161
2
3 657
3 6435
3 2233
2
0 593
2
4
2
3 2318
0 6722
3 6496
3 3656
0 3868
0 4040
0 4559
0 1558
3 4222
2
4
0 310
2
3 3077
3 6404
3 1912
2
0 6661
1 -1931
1 -1124
3 4934
1 5485
2
1 3699
0 2379
1 4882
0 1379
0 -1391
0 -2696
3 4824
2
2
4
1 3183
0 4756
4
4
0 1671
1 2348
3 4525
0 2387
4
1 5292
0 1357
3 5135
0 -2728
2
0 5428
0 4856
0 3873
0 814
2
2
2
3 2755
3 4040
0 4252
1 -1152
1 4511
3 6130
0 193
0 1451
3 5703
0 5048
0 5172
1 3892
0 3900
0 3810
0 1147
0 5212
1 -1142
2
0 1571
3 2417
2
1 -1010
3 3494
4
3 4856
0 -1437
0 433
3 467
3 4882
3 5786
3 1357
0 -2730
0 5500
0 5449
3 5472
0 5172
0 6532
0 231
0 6012
0 3574
0 5048
0 3879
1 1706
3 5879
2
0 -2885
0 5780
2
3 4756
0 6665
0 5302
0 2114
3 -2794
1 2771
1 6532
2
0 124
3 5292
4
1 3124
2
3 4278
0 1244
3 5819
0 3826
2
2
0 -1686
2
3 3868
0 6239
3 6239
3 3734
0 3530
3 3574
2
0 -1537
2
1 3901
0 4311
3 4482
0 -1588
3 2079
3 -1588
2
3 4284
1 3454
0 2352
2
0 2724
0 -2219
2
0 2994
3 1571
1 5172
3 5500
2
1 6336
1 3124
3 5302
1 4311
0 -713
0 938
0 5399
0 -2808
2
2
0 6685
3 3454
3 2406
2
0 -2752
0 6041
0 4900
0 4857
3 5782
0 -614
3 2786
0 689
3 3124
4
0 4284
3 1706
1 3044
3 2352
3 5172
0 459
1 6748
0 2562
0 1660
0 1016
0 563
0 -1737
0 6532
0 -490
1 1974
0 2073
0 6873
4
0 -245
3 6012
0 6531
0 -2147
0 721
2
0 563
3 1205
1 3183
0 5943
1 -2226
1 -2147
0 4978
3 6531
1 3826
2
2
0 4680
2
0 2994
0 1482
0 760
2
3 4680
0 3959
1 169
2
1 6628
2
2
2
0 -1730
1 2044
0 5194
3 3826
3 5835
3 2379
1 2609
0 4936
3 1622
0 4460
3 2562
3 4284
0 2224
3 2818
3 355
3 721
0 -2562
2
2
1 2667
2
0 5606
3 3530
0 -1103
0 4400
0 740
0 6894
0 -1895
1 2949
0 -2391
0 -2776
3 1287
3 6685
2
3 3959
2
0 5122
1 1482
0 -1788
0 3433
0 5597
3 2984
3 1482
3 2517
3 -1667
0 -2859
0 2177
2
3 6665
3 4900
0 6888
3 360
0 6142
3 5206
3 3810
2
3 3183
3 2994
2
3 6476
0 5517
0 1826
0 -1485
1 -483
0 2430
1 4400
0 -516
0 740
0 2477
1 6336
3 6532
2
4
0 -242
0 6243
2
1 5048
0 4804
2
0 -368
0 -1983
3 2387
4
0 -843
3 5780
1 5122
0 5517
0 2813
0 -294
0 156
0 1516
3 6748
3 6894
1 4550
2
3 4127
1 2813
0 4219
2
3 156
2
0 1299
4
1 4857
1 5194
3 6243
3 6336
3 1671
3 2177
3 4559
3 3025
0 -2146
3 -270
0 -272
2
2
0 2741
2
0 3204
3 740
0 -1092
0 4173
0 -2054
0 -1201
3 913
1 4978
0 1052
4
1 2477
3 2724
4
0 6772
0 2383
4
0 1542
0 -332
3 5637
1 1660
0 1405
3 -2983
2
0 -698
0 6332
0 -1214
0 -1490
0 5204
2
1 196
3 6661
2
0 513
3 4804
0 1818
0 3834
0 -2007
0 -1432
0 6428
1 2106
0 3126
2
0 1804
0 5642
4
3 6722
0 5902
3 4219
0 6085
0 -951
0 2389
2
3 5597
0 5312
1 -698
3 4460
3 1818
1 2741
0 5034
2
0 -2565
0 2798
0 -1978
3 5517
2
0 1290
2
0 2389
0 -253
3 -1092
4
3 -2542
0 3435
3 5204
2
0 2389
3 1016
0 -1088
3 2813
0 2044
0 856
0 2804
0 4608
0 3167
1 3873
3 6428
0 -332
0 2022
3 5212
3 1299
1 3126
0 165
2
3 4400
0 -2436
0 -555
3 1804
2
0 6494
0 -616
0 5281
0 4811
0 6376
3 3435
1 5194
1 4550
0 -515
3 6789
0 1020
2
1 -987
3 4857
1 6772
0 4178
3 4654
4
3 5642
3 -253
3 2975
1 3260
3 1826
0 2264
3 2264
4
0 2024
0 6220
2
3 -555
0 2988
3 4178
3 1405
0 3144
2
0 2641
0 6953
4
0 6374
2
3 856
0 6706
3 2022
0 -1098
0 5652
1 3900
3 2804
0 5978
0 -1544
0 840
3 2798
3 5399
4
4
0 4242
0 -1796
0 382
1 3879
0 2708
1 840
2
3 2389
0 1571
0 1096
0 4634
2
0 -2777
2
1 -2826
0 4982
0 619
0 2618
3 1096
0 -790
1 2771
3 4950
1 2430
2
0 -1770
0 139
0 3496
3 1516
0 6459
0 3398
2
2
0 6070
3 165
3 3260
3 3398
3 139
1 4015
2
3 2477
0 4496
2
0 -2668
3 4496
1 6459
3 2303
3 2618
2
0 3898
1 1290
2
1 2383
2
1 3496
2
3 6706
3 3717
1 -812
0 3316
2
2
0 -586
3 5048
1 6459
3 6873
3 2771
3 6142
1 2641
0 1172
1 5902
0 -1529
3 -1529
0 6362
3 4252
0 5357
3 6041
1 833
4
0 -2548
0 1504
0 1107
1 4431
0 3258
0 2683
0 -73
3 2430
0 401
0 5902
4
1 5985
0 5560
3 5560
3 5357
0 2697
1 2683
3 6888
0 2708
0 1556
0 -835
0 -2260
3 4173
0 6379
3 5652
3 5449
3 2741
1 4908
0 4634
3 5902
0 3352
0 4431
3 5943
3 2073
0 2708
2
2
1 1571
0 4591
3 3873
3 5281
0 6112
1 6112
0 -1850
3 3965
0 4096
2
3 3433
0 2936
0 -286
3 5102
0 1233
0 -2186
2
3 6220
0 4431
0 5673
2
3 3352
1 6362
0 5045
4
0 2408
0 -2810
4
1 6112
0 2988
3 5117
1 6494
1 525
3 3879
0 6332
0 6620
3 2044
1 1504
0 3155
3 1107
0 -555
0 936
0 -428
3 6376
3 2024
0 3720
3 401
1 5455
0 2108
3 936
0 3715
4
1 4431
0 -1407
0 -2276
0 1768
3 3720
0 852
0 -2399
0 825
2
0 4012
2
3 2988
3 6112
0 4085
0 4137
0 5990
0 -2583
2
3 825
0 2775
4
0 -1910
4
2
1 1762
0 6011
0 -1739
0 2748
0 1807
0 -430
2
0 -349
0 4489
0 -2520
0 6146
0 2114
1 852
3 5122
1 4918
3 6362
4
0 2641
3 -1739
0 5312
0 6936
4
1 3144
0 -1084
0 -878
0 4647
0 1632
3 -2508
4
1 3316
2
0 -2589
2
1 3898
1 6494
0 34
0 6639
2
0 106
0 4591
0 1898
0 5985
3 6379
0 2062
3 3044
0 4062
2
0 2099
0 -286
0 2393
0 -2224
3 6207
3 106
4
2
0 6774
1 3316
0 4782
3 6774
3 -586
3 5673
2
0 2708
3 1660
0 4876
3 6374
1 -428
0 2063
0 595
2
3 -428
1 5990
2
0 6494
2
2
0 3766
2
0 3342
4
3 34
3 4782
2
0 -1735
0 1013
3 3258
3 6011
3 -362
0 4642
3 2099
2
3 2020
0 -603
1 5485
0 5159
0 1415
3 6639
0 1233
0 -1446
4
0 958
0 1833
0 148
0 -2570
2
3 3900
3 -1973
1 6070
4
0 -1215
0 -2041
2
3 6075
2
3 1380
0 865
4
1 1556
1 3496
0 -2502
0 3204
3 -2502
0 6355
2
3 2108
3 3342
0 6355
0 -1443
3 2014
0 295
3 6936
2
0 3701
0 -2701
3 4137
2
1 4550
0 -646
0 591
3 6459
0 1556
0 6146
2
0 3950
3 6428
1 1542
2
0 2340
2
0 -602
0 2923
0 -1488
0 5887
0 5219
3 1807
0 6085
3 4642
0 6973
3 4511
3 5312
3 1409
3 5946
3 2340
3 5887
0 5437
0 3675
0 5960
0 3677
2
3 3144
0 2021
0 4811
3 4550
2
2
1 5159
1 5437
2
1 6975
0 1449
0 5428
2
2
0 2697
0 5437
0 -2839
2
0 4085
0 635
0 4555
3 2936
2
2
0 4459
0 -2172
3 4978
0 123
2
0 -2247
2
4
3 1571
4
0 -193
0 -2905
2
0 1450
3 2641
0 -2923
3 4431
0 5398
2
0 -193
2
1 4936
2
0 -1141
0 1017
0 3857
0 5737
2
2
2
1 6085
3 4598
0 -2843
0 5581
2
3 2062
0 1679
3 3167
0 4272
2
3 2383
1 4811
2
2
1 3751
0 1032
4
1 3701
3 4555
1 1032
1 3699
3 4242
0 3802
0 6262
0 -2127
1 -1835
3 1450
1 2760
1 2697
3 5194
4
1 3155
0 3555
3 2748
0 6332
0 3666
3 3715
1 6953
2
0 339
0 -167
3 3701
0 6843
3 830
2
0 -1641
3 1449
0 1786
2
3 4272
3 5428
2
3 6355
4
2
0 1650
3 2077
0 5498
0 1667
4
0 5482
2
3 2775
0 2114
4
3 2393
0 299
3 1504
0 2708
1 1833
4
2
0 6944
0 -424
3 2923
2
2
0 4062
0 -2030
2
3 4012
0 6378
0 6972
1 -1141
3 2224
0 -2537
2
0 -1129
4
2
0 -2824
0 3319
2
1 2776
0 3356
2
3 4634
3 3699
2
1 6972
0 -2179
3 5485
2
2
0 -714
3 -2814
3 3118
0 -286
0 -2682
0 -207
3 6628
4
0 6182
2
1 3204
0 6211
0 -378
0 -2750
3 5606
0 -1161
0 -1284
0 -1889
3 1679
0 -2445
0 4402
3 6085
3 2021
0 6341
0 3707
0 6591
0 3546
0 1224
0 5299
0 1981
4
0 4062
2
0 -2068
0 1692
2
0 -1409
0 633
0 1329
4
3 4876
0 -2766
3 -401
2
2
0 6163
0 6828
0 -1851
3 6211
0 1267
2
0 6198
0 6924
0 104
0 2000
1 6898
4
0 -1468
3 2408
0 2068
0 48
2
1 6198
0 -822
1 5737
2
0 2700
3 -378
2
2
3 3677
2
0 156
3 3766
2
3 370
4
3 -207
3 1654
3 1267
3 6953
2
3 4591
2
0 1757
4
0 3798
0 5705
0 -160
0 3356
0 4320
0 -1002
4
3 3675
0 -69
3 1667
3 -1504
0 -185
3 5990
3 2708
1 3802
0 -1905
0 3706
0 1917
1 3356
0 4638
2
0 3394
0 -2758
2
3 4085
3 3950
1 4320
3 4062
2
0 3989
3 2683
3 -148
0 5398
1 6070
0 -1399
3 4638
0 5555
3 4489
0 2073
0 -1851
0 5531
3 5581
3 4647
2
1 6843
0 5861
0 6415
0 793
1 5960
0 2559
0 3857
2
4
0 5455
4
4
0 -2623
2
1 6256
3 5159
2
0 1369
3 2700
3 3126
0 4660
0 5443
0 5086
0 695
0 5809
2
3 3898
3 5045
0 4409
0 -1899
3 1786
2
3 2697
2
0 5721
3 4096
3 3666
0 4706
2
2
3 1833
1 5531
3 6924
0 -467
0 -2949
0 4283
0 1004
0 138
0 3594
3 3594
3 5569
0 2003
0 4132
2
4
3 6973
3 3751
1 6256
0 -1704
0 -1813
0 6193
4
1 -2429
0 -2735
2
0 -2048
2
0 83
0 6916
3 3319
0 -1752
0 5813
0 4962
0 3496
2
0 2949
3 4660
3 5861
2
0 5443
0 -2570
3 3802
0 5289
4
1 153
0 6262
3 3204
1 6620
0 783
0 2081
0 3394
0 1267
0 -415
3 5299
0 6784
1 4459
2
3 6916
2
2
0 6184
2
0 1478
0 6890
0 -2260
2
2
0 5949
3 2068
1 633
0 -1322
0 5126
2
0 5145
0 2705
3 6146
0 646
3 5498
2
0 4426
3 3892
3 2081
0 4509
3 6890
2
3 1917
3 695
0 -64
1 1004
0 866
0 -13
0 4987
0 6162
0 5641
3 3316
0 3393
2
0 1224
3 -1202
0 -1592
3 2063
0 5531
3 2705
0 3224
3 1267
1 890
0 15
0 3112
3 3021
4
3 2559
0 5989
1 5720
2
0 -1734
2
0 6636
4
2
3 3393
0 3546
3 783
1 4402
3 4426
0 3834
1 5455
0 -2793
0 5413
3 4409
2
0 -288
1 -935
0 3112
0 5542
0 2114
2
1 5289
3 419
1 6256
3 6972
0 5219
2
1 3798
2
3 5034
3 5651
0 6018
2
0 5220
4
3 6162
0 5555
3 6070
0 -746
2
1 -2622
0 2116
0 -515
3 4283
1 5555
3 6784
0 3706
2
3 1692
0 6184
0 -896
0 5855
2
3 4987
3 5960
1 6256
2
3 1757
3 3706
3 2114
0 5437
0 3700
1 5978
4
3 1140
4
2
0 3802
3 1981
3 5978
3 2073
3 4706
3 -94
0 6620
3 6193
2
0 5766
0 2866
3 3155
3 4936
0 1159
0 2970
2
0 -1695
0 6284
0 -556
2
1 5542
4
0 -1097
2
0 -2345
0 -1654
3 5455
2
1 3394
2
0 -1406
0 5721
3 5076
3 5721
0 3979
0 6838
2
0 6662
0 2679
0 2539
3 2000
3 5985
2
1 3798
3 3394
2
3 2621
0 6673
0 4811
0 2632
0 4652
0 -1323
3 4829
0 1861
2
3 6262
3 6284
3 5443
0 3540
0 2866
0 -630
2
0 4041
3 5949
0 914
0 2324
0 719
0 717
0 -1686
0 -1753
0 6838
3 1768
1 6944
0 1116
0 4608
3 6341
4
2
0 4565
0 6320
1 6182
0 1895
4
1 6184
0 -2395
3 5437
2
3 6814
1 2021
0 5145
0 816
3 -1539
0 -711
0 6343
0 -885
0 -2924
3 6636
2
1 5766
3 2324
2
0 334
0 3834
1 -885
4
3 1861
0 6805
0 -1042
0 5975
2
0 1706
2
2
2
3 6591
0 -1984
0 4282
3 3707
0 -2757
0 -1640
4
2
3 6184
2
2
0 -1318
2
0 -1455
0 -1443
0 6065
0 6374
0 6287
2
2
0 6117
1 5705
0 1965
3 5766
0 -2495
0 -1325
2
0 3414
0 4140
3 6673
0 1482
4
0 -2289
3 6620
3 2539
3 6065
0 5621
0 2734
4
2
0 -2912
3 5482
2
4
0 -1908
3 -313
0 4871
0 5178
0 -702
0 6323
1 2866
0 5805
2
1 4830
2
0 3540
0 -1092
0 5656
3 4402
3 5705
0 6838
3 6163
0 2567
0 5542
3 3857
0 1234
4
3 2632
2
0 5781
0 4771
3 3546
3 5813
3 3202
2
0 3773
3 4608
0 4445
1 -427
0 -618
0 5903
0 4216
1 -387
0 -2187
0 -2483
4
2
0 1893
3 5219
2
2
3 5126
3 2970
0 -2305
1 5737
3 4509
4
0 1329
0 2956
3 5781
2
3 3540
0 5765
3 6332
2
0 -2634
3 4652
4
0 -2457
0 -934
3 1965
2
1 6662
0 2940
0 4773
1 3112
0 1234
0 3555
1 6944
1 1234
1 5682
3 2679
2
2
0 3785
4
0 -2344
0 4811
1 6374
2
0 2259
1 3734
3 2567
0 -2615
0 5912
2
0 -424
0 -187
3 -388
0 4215
2
0 2523
3 -2936
0 -2244
2
2
3 4445
3 5656
4
0 -1498
0 4711
0 -844
0 -858
0 5656
0 6897
0 143
2
2
0 2064
3 6662
0 816
0 5495
0 -357
3 143
0 6847
1 6378
3 6182
0 3407
1 1234
1 4311
3 -1909
2
0 2667
3 5809
3 5542
0 -1939
2
2
0 -677
3 3356
3 982
0 -143
3 6847
0 145
0 6415
0 914
3 4282
3 3226
2
2
2
0 6085
0 2620
2
0 4854
3 1893
0 428
0 -1840
0 1156
1 3989
3 6828
0 922
2
0 1444
1 3979
0 2254
0 3107
4
3 3414
2
3 5086
0 5880
0 4216
0 -1385
3 1234
0 -130
2
0 4331
3 4568
0 -2457
4
3 4982
1 4320
0 4126
2
1 2003
0 -245
3 4367
2
0 5398
2
3 4811
3 914
0 922
0 -221
3 5398
3 2523
2
0 -65
2
3 6378
3 4311
0 -40
3 5737
2
0 5667
0 5055
2
0 2233
0 4942
2
2
3 5145
0 21
1 6320
2
2
1 -1392
3 5220
2
1 6085
2
0 4
3 3555
3 5855
0 630
0 3640
2
2
3 3496
3 4215
3 2866
3 6805
0 4016
0 6859
0 -353
0 5805
2
3 6772
1 3482
0 1450
0 58
0 1222
0 1973
3 4016
3 2064
0 3640
3 1444
3 4962
0 5495
3 4762
3 2940
3 4459
1 3864
3 5617
0 2723
2
0 1581
0 2879
1 561
3 1482
0 -765
1 5178
0 3320
0 -1066
0 6158
0 4415
0 5446
2
0 -220
0 6405
4
0 4526
3 2697
0 6317
0 3959
3 5446
0 2271
3 2620
0 1247
0 -1214
3 4771
2
0 2189
0 6018
0 -384
0 3982
2
0 1734
3 3700
3 -1001
3 4041
0 5989
0 -579
0 -2356
2
2
0 6779
3 6374
0 -1028
2
0 -1015
3 6287
0 -2878
0 -1140
0 -383
0 5236
2
3 5989
2
3 5531
3 5975
4
3 5413
0 5877
4
0 2128
1 -111
3 479
3 3112
0 -1103
3 4320
0 942
2
0 -1038
2
0 -1518
0 -2769
2
2
0 -787
2
2
3 6256
0 3754
3 -2710
0 -1710
3 -446
0 151
3 4773
0 3754
3 5499
0 1771
3 5236
1 6323
3 4711
4
1 3407
0 -1945
2
2
0 1790
1 -2449
3 6779
0 1665
2
3 -2879
0 4848
2
0 2683
2
3 2189
0 5782
0 5741
3 5903
0 -147
0 1645
0 5224
0 5474
0 6979
2
2
2
0 1464
3 5289
0 760
1 2949
3 4526
4
0 5039
3 3640
0 2723
2
3 3107
0 3982
0 6600
3 6198
3 5765
3 5621
3 -491
3 1790
3 2723
3 2128
0 3383
0 6251
1 6944
0 4508
0 642
2
0 6776
0 4448
1 3502
0 4653
0 -2453
3 6600
2
3 4126
0 965
1 3224
0 5567
2
3 5782
2
0 1204
0 -2391
3 3383
3 6018
0 -1533
0 -1991
1 6979
3 538
0 4449
2
0 3868
0 3799
0 3320
2
0 3633
0 -985
4
0 -1062
3 2879
3 639
0 5684
1 6158
4
3 6979
3 6776
0 6897
3 390
3 2734
3 6317
3 -2499
3 6117
2
0 2916
0 -245
1 2116
3 6323
4
1 -1124
3 3989
2
1 4449
2
3 3959
1 5891
2
3 2949
3 2625
1 104
0 4622
0 509
0 3486
0 5567
1 5567
0 -1978
0 4413
0 -1064
2
3 5656
3 1247
0 3166
3 3891
0 -803
3 2233
0 4986
1 -2620
4
0 -1616
3 4565
2
0 5148
0 305
2
0 3979
3 4871
1 305
0 3239
1 1973
2
0 4731
0 6321
0 -2854
1 4854
0 3748
1 2916
0 4997
2
0 967
0 4132
1 3224
0 1565
0 6645
3 6897
0 4946
3 6494
4
0 882
0 2314
0 412
3 -201
0 1525
0 4868
0 518
0 6489
3 2683
0 -943
3 2667
4
0 -1337
0 -2025
3 305
1 5641
1 1450
0 4614
1 4413
3 2116
2
4
3 6645
2
0 3541
3 4854
3 3982
0 1645
0 3524
2
2
2
4
3 882
2
0 6699
0 1734
1 4848
1 3754
3 5474
0 2114
0 -631
0 -584
3 6838
2
3 -1018
0 4222
2
0 -378
1 5641
2
0 -1911
2
3 6321
0 3328
3 3802
0 4628
3 1525
0 1895
3 3224
1 5880
0 122
0 -2724
1 1898
0 4830
0 6151
0 2309
0 4014
2
3 5805
0 1532
2
1 2956
0 -611
3 1645
3 5912
0 5456
0 4697
0 2838
2
4
0 5530
0 -2316
0 5615
3 1457
2
3 1581
0 2299
3 4830
1 4132
3 4413
0 2841
2
3 4448
0 1771
3 6859
0 -2682
0 4861
0 814
1 5530
0 2744
3 3748
0 -9
0 14
0 -870
2
4
4
3 5684
2
3 -1386
1 4868
2
2
2
0 5667
2
3 3561
3 5039
0 2246
1 2309
0 3835
0 5518
1 5530
0 5101
3 3486
1 1090
0 -1059
0 6061
3 2299
0 1665
3 6415
0 -832
0 5462
0 1856
1 3835
0 4088
3 2916
1 3328
0 1503
0 3773
0 2314
2
3 3524
0 1916
3 1464
2
0 4415
0 -689
3 3036
0 1130
2
0 2947
4
0 -1897
3 4848
0 3535
0 2042
1 4942
0 4216
0 -1613
3 4997
0 3326
3 1771
2
0 6720
2
0 -47
0 -2585
2
0 4
3 3166
3 6699
0 6648
3 2309
0 -2655
0 1948
4
2
1 4251
3 5224
3 1665
2
3 6343
3 4622
0 -2792
3 5880
0 3594
4
0 3568
2
0 4942
0 5143
3 4508
0 -1704
2
1 4449
4
0 5101
0 -2860
3 1565
2
3 3773
3 1532
2
0 2829
0 1278
3 6720
0 4088
0 4140
3 5462
3 2841
0 785
2
0 4378
0 5576
1 5148
4
2
3 1898
3 4697
1 3535
3 5615
0 1948
3 6151
0 2562
0 -1995
3 3933
0 5876
3 618
0 -1497
1 4861
2
3 4628
2
2
0 1503
0 1092
0 2580
0 4151
0 6536
1 4378
0 923
2
0 4310
3 3326
3 6085
0 4986
3 2956
0 -261
0 3078
2
0 5187
2
0 4597
0 4902
0 3373
2
1 2559
0 278
3 1916
3 4088
2
3 2152
2
0 -360
0 -182
2
3 4868
2
1 5495
0 3245
0 1470
0 3131
0 -1719
4
2
4
0 498
0 84
3 3320
0 -386
1 4946
0 -2965
0 5187
0 -1384
2
3 3755
3 5576
0 -1587
1 3568
0 -737
0 4963
3 -737
0 -1427
0 1629
1 6648
3 5741
3 2829
0 5885
2
2
2
4
0 429
2
0 4080
0 6357
3 3245
1 127
0 2193
0 -2523
4
4
0 6157
2
3 4388
0 4515
0 4838
3 3131
0 5311
0 6356
4
0 -2944
3 5311
3 3799
0 3868
0 5235
3 2193
3 2744
2
1 2003
2
2
3 1265
3 6357
1 903
0 1331
1 4151
0 5187
0 6374
3 4310
0 5610
3 1895
0 5055
3 3785
3 6061
3 4902
0 2563
0 -1568
2
0 -2769
0 6489
2
1 5530
3 4449
0 -1789
3 -2864
2
4
3 4597
0 3078
0 370
1 1973
2
2
0 5546
2
0 -627
3 5567
0 6029
3 2838
0 -1332
2
3 2246
0 5437
0 6318
3 4963
0 3834
2
0 5053
0 5550
0 4859
0 1110
3 5178
0 -1270
1 1470
2
0 -734
0 1876
3 3142
0 6450
3 -1420
0 -97
0 6671
2
2
1 1110
2
3 4861
0 -68
0 1876
0 1965
3 6648
3 4014
0 1628
0 -2150
1 3864
3 6356
3 4415
2
0 5057
3 5955
0 -2596
0 5518
3 5456
4
0 -2278
0 6574
0 -1821
0 -1086
2
0 5380
0 4773
0 5567
3 6320
2
0 -2522
0 1464
4
3 2011
0 -1711
3 5877
0 1253
4
0 6343
1 5148
3 1965
1 2329
2
0 1493
3 6374
0 6231
0 2404
3 362
4
2
0 106
3 4986
0 3641
1 -311
4
2
0 4222
3 4216
0 2107
2
3 5148
2
1 1756
3 106
0 -2509
3 5235
2
2
0 840
2
0 1560
1 5292
3 1734
2
0 6272
3 6231
2
0 1740
3 1628
2
3 2114
4
1 4731
1 4331
1 4132
1 -1945
3 5530
1 6944
0 2272
0 2367
1 3754
2
1 3541
2
0 -1678
2
0 5308
3 1795
0 5308
0 5885
0 -1149
2
0 1865
3 2562
3 3373
0 -2662
3 4946
0 -2087
2
0 4999
2
3 4515
2
0 2517
0 -1006
0 4263
3 2533
2
0 2591
0 5913
2
3 4331
0 6184
0 -82
0 2010
1 5495
3 5033
3 4378
0 1280
3 6251
4
1 6536
0 -401
3 3535
0 4039
0 6775
0 3089
0 5058
2
4
3 4180
0 2250
2
3 4859
0 5143
0 -2421
1 -395
0 1771
3 -2240
0 5196
0 5742
4
3 5380
0 6108
0 -2134
3 3754
0 6595
2
0 3868
0 3963
1 4151
0 2536
0 1901
0 5694
1 3407
3 6574
3 3641
0 4732
1 -2481
0 -249
3 2254
1 1307
2
0 6483
0 -2351
4
2
3 3798
0 -542
0 397
1 5641
2
2
0 3107
0 276
3 5555
1 4732
0 -1226
4
1 -2854
4
3 3107
1 6153
3 6450
1 2367
3 3078
1 3385
0 2575
2
2
0 -1967
4
3 6489
0 2174
2
3 3979
0 -2790
0 -774
3 4003
3 5655
3 2536
0 3498
2
0 1712
0 5143
0 3673
0 3528
3 -936
1 4080
3 4151
3 1856
3 1740
2
0 3202
2
0 3369
0 4636
3 3498
3 3594
0 4196
2
1 -1233
2
2
0 3165
3 6298
3 2010
0 1126
0 -422
0 4080
0 5155
2
0 -1883
3 2003
1 5058
0 -1212
0 -1066
1 4732
0 1528
2
3 4996
0 -2863
0 6882
2
2
0 4259
0 -2205
3 4282
2
0 4678
0 692
3 2404
0 6806
2
1 2575
3 4636
0 -1906
0 247
2
3 5308
0 -1606
0 -2429
2
1 1901
3 3165
0 -2141
3 4259
0 -1072
0 6806
3 247
1 216
3 4831
3 5742
0 -2325
0 3402
0 5460
2
3 1901
1 -2422
1 -1167
0 -364
4
3 6595
0 209
0 6194
1 2580
2
3 1210
2
4
0 1908
0 -2861
3 2991
2
0 6642
3 3541
2
3 3089
0 4217
0 -2528
3 3369
2
0 191
0 -2229
0 6882
2
0 -2733
3 4132
3 2174
0 5196
0 6916
2
0 -2393
0 -2162
0 -2808
1 879
2
0 -2318
3 1126
0 4744
1 1973
3 5495
4
1 4122
4
4
3 4678
0 5879
1 1876
0 692
1 6848
2
1 5143
3 692
0 6461
0 1336
2
0 2519
1 -1766
0 6284
1 6337
2
0 2625
2
0 2050
3 6158
2
0 -2919
0 -2753
4
3 5101
3 221
3 891
3 6671
3 4263
0 3554
1 6734
0 -2124
2
2
2
0 1948
1 4732
1 2263
0 -190
3 -190
1 3568
3 6184
0 -343
1 2367
3 2625
1 2517
2
0 -815
2
4
0 653
0 -2330
3 2519
3 1528
4
3 5913
3 2580
2
0 6146
1 5290
3 1948
3 5885
3 6029
2
0 -1225
2
1 4222
3 4942
0 1930
0 203
4
3 6272
0 5163
2
2
0 4851
2
2
3 3834
0 2042
0 4414
3 3809
3 -2305
0 -1282
0 5187
0 4851
2
0 6108
0 -1289
1 -2332
1 5058
2
3 5187
3 5694
3 2272
2
2
0 1096
3 4080
3 5191
3 5196
2
1 5992
3 6801
2
3 5876
2
0 5816
2
2
2
3 4999
0 5546
0 3202
3 5867
0 1222
0 3568
3 2250
0 2736
0 -1415
0 4999
0 3690
3 3868
3 2947
0 2657
3 5053
1 5641
0 5055
2
3 5641
1 4414
0 3471
0 -94
3 1222
0 7002
0 845
0 3411
3 5214
3 4851
0 -562
0 5816
1 6642
0 632
2
0 1249
0 -648
0 -2372
4
0 2634
1 4140
2
0 3786
0 6635
3 4773
3 2367
1 4196
4
2
0 391
3 5143
3 4614
0 6815
0 6137
1 1234
2
0 2182
3 2736
0 -742
2
3 6284
0 6698
1 -2583
3 7002
0 -2458
2
2
2
3 5518
0 4826
4
0 1891
4
0 4653
0 432
0 5813
0 4732
0 5249
0 3052
3 6642
0 6693
4
2
0 1986
0 5550
0 -1813
3 6146
2
0 -1947
0 -1660
3 5460
0 2791
0 2743
3 4222
0 -385
0 4461
3 6194
2
1 2791
4
0 1182
1 3633
1 5775
2
3 -385
0 -636
0 -275
3 1986
1 6882
3 845
0 3790
0 6644
2
0 4597
4
0 3633
4
2
3 2657
0 5550
3 6405
0 6129
1 6806
3 769
0 2326
1 5134
0 -1266
3 6536
3 5031
0 -2351
3 3052
0 163
0 4235
0 6418
1 1145
0 2734
2
3 5155
3 5813
0 6134
3 5816
1 2326
3 4838
0 2789
3 6461
3 5437
3 6698
3 3633
0 1730
3 3554
4
0 1328
0 -633
2
0 5610
1 163
2
0 3202
3 5055
3 2271
3 6635
0 4784
0 5622
0 -1577
1 4597
0 1380
0 -2574
3 3673
3 4039
3 3790
0 2250
1 5546
3 3528
0 1933
1 -2574
2
2
0 4944
2
4
0 1249
1 6644
0 2314
0 -2837
0 4533
0 5577
3 6318
2
3 -2439
3 3786
4
0 1172
0 -954
4
3 2326
3 2743
0 2794
3 2259
0 6381
3 2791
0 5369
3 5622
3 6806
0 -2568
1 3202
0 1578
0 2575
0 3310
2
1 6964
0 -171
0 -1336
3 3835
2
2
0 5855
1 3402
2
0 -476
0 -659
0 5170
0 1289
0 -2216
0 2348
0 1873
2
2
0 3372
1 5079
0 6888
0 5546
0 273
0 6724
0 5488
0 -675
3 2634
3 4653
3 2314
3 3278
2
3 6343
2
0 3516
0 1805
0 4829
0 -1901
0 2242
0 -2866
0 -115
3 6644
3 4999
0 -1305
2
0 -1557
3 2591
0 4784
0 -300
0 5546
0 -2059
3 4944
0 4119
0 -2989
3 4119
3 445
2
3 4461
0 -616
3 2563
3 4731
0 367
3 6882
0 -326
0 -1410
3 6418
2
0 5486
3 6724
3 -1305
1 -2329
0 137
3 2517
3 1182
3 3411
0 2013
0 -655
1 6430
0 -1978
2
0 6310
2
3 6157
0 2772
0 -2706
3 5546
0 1919
2
0 -2797
0 2343
0 -54
3 1097
3 4732
0 -1886
3 1258
1 5145
0 2989
3 3202
0 5068
0 6794
0 5788
3 1933
2
0 3619
0 2850
3 4140
0 -1773
2
0 4132
0 4853
3 4533
0 6574
3 367
0 -408
3 2064
0 5438
2
1 5610
0 -2531
0 -2341
0 -1012
0 6259
0 634
0 5527
0 4283
3 3326
3 5057
0 3488
2
1 2789
2
3 2182
0 5828
0 6283
3 4235
0 2147
3 4414
0 -1427
0 1873
3 -1410
2
4
3 1805
3 5667
0 6060
0 6504
1 6859
0 137
0 634
0 6843
3 3040
3 3153
0 6255
0 -295
0 1990
0 1130
2
0 2134
3 4597
0 -1906
3 1289
3 6108
3 6310
4
3 4744
3 5567
0 6906
1 4853
4
3 5486
1 -326
0 4204
3 1130
0 -2687
1 5550
1 6259
2
0 1711
2
3 5467
1 2013
3 634
4
0 5409
3 6843
2
0 6060
0 6519
3 6060
0 4498
0 -2821
1 1919
3 2575
0 4552
3 750
3 4853
0 -616
0 5148
0 -527
0 2573
2
2
0 1332
2
4
0 6258
3 5879
0 5388
0 698
0 677
0 -470
2
1 2573
0 6712
3 6504
2
0 3672
0 4186
0 -87
4
4
1 291
1 -1444
2
0 3965
3 5610
2
0 181
4
3 1891
1 5855
0 -692
2
0 2348
2
0 -129
3 77
2
3 5438
2
0 4409
0 3195
0 -568
2
3 3488
0 -258
0 5785
0 5776
0 445
3 -115
1 4784
2
0 5762
0 -749
4
2
3 2573
3 -87
0 6359
0 -1775
1 6255
3 3328
0 -593
0 6837
3 5068
0 4937
4
3 5776
0 -2969
2
2
0 -1781
0 4324
3 6693
0 4129
4
3 2013
3 1328
0 6559
0 3492
3 5148
0 1312
3 6906
3 181
2
0 -2878
0 6972
2
2
2
0 2264
3 5527
0 -2522
2
0 -988
0 -661
0 3865
0 5785
2
3 6574
2
0 6230
3 273
0 1815
0 2225
3 6916
3 6607
3 5828
2
4
3 3516
3 2313
0 122
1 5456
0 2779
0 1452
2
1 1452
1 6258
3 -816
0 355
0 951
2
3 3492
2
1 6258
0 2776
3 4324
2
2
3 2779
0 6712
2
0 -1779
2
0 3638
0 -358
0 -978
0 -359
0 794
3 2794
0 -542
0 1259
4
0 1183
0 3809
0 5383
3 6621
2
3 794
3 4784
0 5718
0 1815
0 -437
3 4204
3 4275
0 3193
3 -2533
1 6712
1 -602
0 6947
2
3 3407
0 2148
1 1425
1 5855
0 1452
0 3261
3 6944
1 4498
0 2863
3 3402
0 3297
3 -437
2
2
0 1259
3 6359
0 6710
3 6134
0 6788
0 -1969
3 4937
0 674
0 5058
2
0 689
0 -2107
0 -850
3 4186
3 3471
0 674
0 4436
0 5352
3 2789
3 6255
3 6947
2
0 4771
4
1 6815
4
1 -2825
3 1578
0 5577
0 -460
3 2242
0 6359
0 1016
3 6788
3 6230
3 6129
0 6423
2
0 5706
0 2716
2
0 2134
3 339
3 5706
3 4436
0 -668
2
0 2767
0 1468
1 2767
0 4274
1 1259
3 3297
0 5846
0 6420
2
0 2510
0 888
1 4826
3 4829
0 3138
3 4826
3 6483
3 4409
0 -1856
0 1078
3 5715
2
0 -642
3 5383
0 3138
4
3 6258
1 1332
0 2134
3 3653
1 1468
0 1733
3 6837
0 6978
0 48
3 5785
0 -400
4
4
1 3310
4
3 3239
2
0 5873
3 6387
3 4771
3 5788
2
3 6710
0 2989
0 5553
1 4217
4
3 6794
2
4
3 2147
3 3809
0 1065
1 1332
0 5787
3 1919
0 1335
2
2
0 -508
3 1335
0 5303
0 2160
3 1815
0 5919
2
1 3021
0 -1005
3 3709
4
0 3496
0 6996
0 6486
1 2148
3 3672
2
3 3372
2
0 108
3 4217
3 2160
4
3 5170
2
0 5488
2
1 2148
4
0 -1212
0 343
1 1018
0 5196
0 -808
0 3261
2
4
3 343
1 1711
3 4854
4
0 -2473
0 -164
3 6259
3 2264
3 1468
4
3 2787
3 1172
2
0 975
2
1 2343
0 -2343
0 6381
3 1312
3 6978
0 4594
0 4037
0 -1383
1 5249
2
3 4598
0 -1428
3 2989
4
3 250
0 5209
2
0 4545
3 5718
1 4513
3 3177
0 1378
2
3 4552
3 -1993
0 -2440
0 2912
4
2
0 5750
3 6137
0 2144
0 -125
3 4545
0 5409
3 4129
0 -2901
0 -977
0 1793
0 1249
4
0 1582
3 2343
0 6401
0 -780
0 1249
2
3 -2505
3 1582
0 2339
0 5120
0 2732
0 6226
3 1452
3 -73
4
2
2
3 -2331
0 652
3 6519
0 -754
0 1321
0 3651
0 6775
3 3155
0 -2551
1 -164
1 2716
3 1793
0 -991
0 -1961
1 1321
3 6423
0 5750
0 986
0 3276
0 895
0 970
0 6841
1 5120
3 -789
3 6420
2
3 5369
3 5787
0 53
3 5873
0 -1141
0 -2152
1 2850
0 -2159
0 1952
1 1183
1 1711
3 4283
2
3 6996
4
0 -2810
3 6775
0 3810
3 5550
1 247
3 1321
0 6865
0 3320
0 1430
0 2348
2
0 4664
3 2716
0 -2125
0 1860
1 3891
3 -991
0 1281
3 1733
3 572
3 5846
0 3104
0 2205
2
0 5249
1 1281
3 -754
0 3413
3 1078
4
0 -2125
0 -1774
0 1952
0 1818
3 -1141
3 970
0 3075
0 2823
1 5288
1 895
1 2863
3 6283
0 -463
3 1818
0 -2595
3 3690
0 1362
2
1 -1753
0 -295
4
3 2148
2
0 764
1 1249
1 -2947
2
0 5033
3 1281
3 4594
0 3259
1 1730
0 5677
3 4196
3 1952
0 2185
0 2473
0 -1017
3 4498
3 764
3 605
0 4679
3 6972
3 3320
2
3 5163
3 2864
0 -701
3 2734
0 2730
0 6986
2
3 986
0 -2901
4
0 -254
3 4132
0 2054
0 5178
0 6361
1 2863
2
0 1141
0 6676
4
3 5178
0 -945
4
3 1362
3 6986
1 3568
3 2205
0 6588
3 2250
0 1084
3 5303
0 1173
0 5923
2
3 3965
3 3810
3 6359
0 1678
1 3413
2
0 1524
0 985
0 699
3 3638
3 5750
2
0 5543
0 5728
3 1990
2
4
3 -2135
0 5701
2
0 1257
2
0 5852
0 -1218
1 985
2
4
0 6109
3 1259
3 975
3 1860
1 6332
0 386
3 4399
2
3 2776
3 3413
0 -1080
0 1103
4
3 2823
3 6226
2
0 320
3 1249
0 708
3 1678
3 708
3 3138
0 -2242
3 3963
0 548
0 -1161
0 -206
0 -958
3 1183
0 1234
0 462
3 6841
0 898
3 5833
2
0 1975
2
1 5923
0 5741
3 320
1 652
0 6957
3 2772
4
0 4246
2
2
0 1657
0 2156
0 1141
0 -2016
1 1504
3 3193
3 4246
0 3887
3 3865
0 5646
1 4037
0 984
2
0 2912
1 3651
3 5919
1 5553
0 6509
3 6486
1 5923
3 6865
0 6381
4
0 3969
2
0 2192
1 248
1 1234
2
0 3950
0 -532
0 5141
3 5701
0 4623
1 1873
3 2185
0 2989
0 2033
2
0 3434
3 -874
0 2547
0 -2477
3 548
0 2156
1 3195
2
3 3568
0 4085
3 3195
0 2350
3 6888
3 1332
1 1380
3 6559
0 -422
1 5249
4
0 3049
0 6995
4
0 -900
0 -66
0 2901
0 2157
1 4085
2
0 5197
3 6712
3 2510
0 3037
3 5677
2
3 4742
0 -1178
1 1975
0 1430
0 2348
2
0 2905
0 4936
2
3 3619
2
0 2831
3 5728
0 6945
3 6787
0 670
2
2
0 730
0 -1766
3 2730
3 4623
3 6736
0 -2621
3 2192
3 2473
1 3276
0 4311
0 1735
0 116
2
2
2
3 5409
3 6957
1 1768
3 985
3 2339
2
2
0 953
2
2
2
0 1077
0 6109
0 119
2
0 455
0 1402
1 2157
0 3162
0 464
3 3075
4
0 6562
0 -1708
0 2755
2
0 4781
1 1402
0 3437
3 6509
0 -1127
2
0 4609
2
0 217
3 2134
3 1873
0 2157
3 5197
1 4085
0 190
3 5033
0 2642
0 2987
0 -580
1 2755
0 5461
0 5419
0 4868
3 1257
0 4868
0 3979
0 1803
2
0 4826
0 4016
1 5892
3 2732
0 6564
4
1 -2807
3 4868
2
2
3 3887
4
2
0 4621
0 -2074
2
3 1173
2
0 6331
1 4826
1 -2768
2
0 -241
3 3950
0 6995
0 6109
0 3136
0 5274
3 2912
0 -2157
0 -2842
3 4781
0 3066
4
1 5120
0 4936
4
3 3259
3 3458
3 6331
1 4276
1 6562
3 5120
1 4085
4
2
0 -2771
0 5087
0 -1678
0 -1539
0 6664
0 6557
0 5504
3 4936
2
0 2631
0 6676
0 4162
1 5577
3 3310
2
4
0 -81
3 1735
2
0 4305
1 1380
2
0 -1892
3 1657
1 6995
3 2348
0 -937
0 -416
0 399
0 1096
3 2850
0 -2834
2
3 5762
2
0 6161
0 5472
3 4037
3 5577
0 3685
0 820
3 2905
1 2863
3 6995
0 1214
0 -797
3 -416
0 3339
3 -797
1 3292
2
3 5923
3 3437
0 -744
3 -1096
2
0 -1345
3 5209
3 2225
0 1252
0 5488
2
0 1372
0 -2205
3 349
0 1234
0 1378
0 5084
0 3752
0 4081
2
1 3276
1 2989
2
0 2863
3 5274
4
0 -408
4
2
3 6161
0 3047
2
0 1736
3 5543
1 -2417
1 2989
3 1736
1 5309
0 -2560
0 5681
4
3 2033
3 5553
3 3037
3 1096
1 399
2
1 5419
4
0 1801
3 4311
0 2378
3 820
3 2157
2
3 5504
3 5646
2
3 2437
0 2758
0 690
3 1372
3 -1787
0 -1199
4
2
3 4162
0 2717
0 6780
0 -164
0 -678
2
0 5340
0 1054
0 4741
0 4445
1 2755
3 4538
0 5401
3 3969
0 3899
1 3651
1 5058
0 4741
2
1 5461
0 6263
1 3392
0 2824
3 5355
0 -187
0 -1405
0 -1992
0 3848
2
2
3 3848
4
3 -1393
1 3104
3 4994
0 -1207
3 6381
1 1730
2
0 1555
4
0 6109
3 -187
0 2406
2
1 1975
0 -831
4
3 4496
3 1975
0 866
3 2767
1 1402
3 3752
3 5488
3 2901
1 6562
3 6562
2
2
0 1711
2
4
3 6564
0 994
1 2054
0 894
0 70
1 359
0 -2267
3 4826
2
0 6632
0 -1716
2
0 2921
3 6632
0 -217
0 2989
1 3195
0 6735
0 -1901
2
0 1389
2
0 4926
0 3066
0 1550
0 2078
3 4741
2
0 5319
1 2863
3 2831
4
2
3 2921
3 6361
2
3 1252
2
2
4
3 2156
3 5319
2
3 2989
0 4210
3 5401
3 4445
2
2
0 788
3 6557
0 3790
0 5625
1 4679
4
3 3434
1 6263
3 3908
0 530
0 4113
1 6676
0 -741
0 -1825
1 5793
0 199
3 6263
1 65
0 620
2
3 2863
0 942
3 -437
0 857
0 2735
0 681
2
2
3 1801
0 3446
0 6815
1 2758
4
0 -2334
0 -2713
0 -508
2
0 2144
0 -131
0 2661
3 1209
1 6735
0 1916
1 4621
1 2654
3 4085
0 4219
2
1 1916
3 5852
0 4016
0 1047
0 1833
0 -8
0 4336
0 -2117
0 4513
0 -731
2
0 4302
0 -2693
0 -1
4
2
0 6299
0 5667
0 -1224
3 2824
0 4926
3 620
0 112
0 -2031
0 6033
1 1916
1 2755
3 4113
3 5249
3 1322
0 -1711
0 1897
3 5667
0 1865
3 3066
1 2852
3 6401
3 857
0 -554
3 -734
0 659
3 1730
0 3790
1 4926
2
2
3 6664
3 -971
0 -1685
3 1803
0 4862
0 6688
0 -995
3 681
3 -1640
3 -1
0 1937
3 2547
3 942
0 584
0 5073
0 1865
3 5141
0 784
0 1380
0 -288
0 4771
2
0 -731
0 -1976
0 6748
4
3 4336
2
0 3654
1 2758
0 -1985
2
1 -731
3 4664
0 -1050
1 1833
2
3 4016
1 6045
1 3750
2
3 5741
2
0 3931
1 5352
4
3 4679
0 496
1 1550
3 5681
3 -731
3 -8
0 -990
3 3931
3 5084
3 5664
4
0 3921
0 4544
0 -2651
2
0 752
0 2667
0 1921
0 -1448
2
3 5855
0 1155
0 687
4
0 3283
3 -131
0 141
0 1555
3 3049
3 4926
3 2350
3 1916
4
1 2819
2
4
0 6815
2
0 4654
3 1550
3 6780
2
0 -54
3 4305
0 6237
3 112
0 3466
0 1872
1 4771
0 -69
0 1108
1 2378
0 345
3 3921
1 141
3 1380
2
2
0 2599
3 788
0 5352
0 4331
3 6109
3 1402
0 4347
0 6412
0 5661
0 -695
3 -54
0 -1871
3 2667
0 -2585
2
0 5055
0 2150
3 6237
0 746
0 1622
3 1622
0 4821
0 6605
0 -375
2
3 5461
3 2758
4
4
3 -2902
0 3059
0 459
4
2
0 2738
0 4398
2
1 2631
2
2
3 2661
4
1 6815
3 4609
0 -2997
0 3283
0 4674
3 4219
3 6588
3 5472
0 -1212
3 1711
3 6688
0 2921
3 459
0 6186
3 3446
0 1183
0 3667
4
3 3387
0 -924
3 5902
3 5388
0 -1018
2
3 1430
0 -2236
1 6880
4
0 1041
2
0 3590
3 2735
1 -62
1 6292
0 3376
0 5812
0 6765
0 4331
3 5812
3 5352
3 3695
4
0 4877
1 -1212
3 1546
0 3199
3 3590
1 -19
0 653
0 2717
1 5005
0 -2732
0 -474
2
0 3128
3 6186
0 2738
2
0 3702
2
3 4302
0 4197
3 687
0 6051
2
0 3541
0 763
0 468
0 1749
1 246
3 1155
2
1 5702
0 -2153
0 -2966
0 1395
3 6412
0 -1913
3 653
3 5196
0 3278
3 4331
2
3 6765
4
2
4
0 -953
0 -794
0 -1426
3 530
2
3 603
3 4771
3 3496
0 -1922
4
0 2648
0 5703
1 1937
4
1 701
1 3790
0 1916
2
0 3189
0 6782
4
0 4663
3 4674
3 5055
0 115
2
3 6676
4
2
0 -1290
2
1 6748
0 -668
0 -2248
2
3 5419
0 3074
2
0 5336
0 -2178
3 4197
0 1973
0 296
3 584
0 6138
0 6805
3 6735
2
2
3 6815
0 4867
0 -1354
2
2
2
0 6242
3 -1988
3 5703
2
0 3451
0 5313
0 981
3 3685
1 981
2
0 -1088
1 2631
2
3 -1118
0 5546
0 1172
4
2
2
0 1019
0 -590
1 3128
3 1865
3 3466
3 1833
1 -2086
2
0 1104
0 3698
0 1104
0 3080
0 -2931
0 -1723
1 3261
2
4
0 84
3 2144
1 5962
2
0 -713
2
0 6298
0 1824
4
0 3162
0 1550
2
1 3376
0 -1644
1 1973
3 2599
4
3 1524
0 402
0 2208
0 -2925
2
1 1395
3 1916
0 -1897
3 6748
3 -1897
0 2460
1 6312
0 -1177
0 6878
3 763
0 -778
3 2054
1 3654
3 2987
3 4621
0 -1100
0 -2649
1 5718
3 1019
3 5073
0 3496
0 5116
2
0 -2047
3 4654
3 6945
2
3 5011
2
3 4081
1 3162
1 4274
0 2972
0 1816
3 5313
1 784
3 6605
0 4470
2
1 3541
0 1537
2
0 4049
2
0 -996
0 -366
3 5336
2
0 6693
0 1921
0 -974
0 -1984
1 6359
3 962
0 4567
0 4474
2
2
0 6060
3 3162
0 1553
0 -2833
0 1824
3 3702
2
1 6299
4
3 3667
0 3692
0 4415
0 3622
3 4877
0 1279
0 3831
3 4347
0 1824
0 -368
3 1279
3 3451
3 3541
2
0 6835
0 2950
3 -872
2
0 4556
3 5625
2
3 2078
1 5340
2
0 1300
0 4888
2
1 370
1 5667
0 -2895
2
2
2
3 1749
3 3189
3 4398
2
0 2300
0 6156
2
3 3698
0 6743
0 2218
0 3047
0 1311
3 2208
3 3339
3 3136
0 4265
0 2635
3 4663
0 -2428
2
0 -2607
1 -77
3 2950
3 4265
2
0 3133
0 1466
3 3899
3 2150
2
0 2626
3 4415
3 1872
3 1395
3 2460
2
1 2626
0 5786
3 1897
0 604
3 4470
0 -2906
2
0 -922
0 -1154
0 2188
3 6156
3 789
0 67
3 6835
3 3104
0 -1532
0 -769
1 1449
0 -1398
4
0 4274
3 3651
0 6536
0 4672
3 4556
0 1656
3 2642
0 2934
0 2263
0 2451
1 2738
3 3376
0 -482
0 6327
0 -868
1 2648
0 3267
1 -482
2
0 1274
0 1639
1 2406
1 3059
0 6676
2
0 -2003
2
3 3283
0 2159
3 3692
2
2
3 1550
0 1838
2
0 -1380
2
0 -2294
0 5161
3 -206
2
2
2
3 1311
0 6694
0 1773
0 2473
3 3824
0 6447
0 4453
0 747
1 5539
4
1 3979
1 2188
0 4018
0 -745
2
2
4
3 4867
0 -1905
0 4001
0 3860
0 -969
2
2
2
3 6051
0 6342
0 -352
0 4372
3 3261
0 6635
0 4474
2
3 747
2
3 4001
3 3790
1 -1386
2
0 3450
3 5161
2
3 6694
3 2505
0 2934
0 -1220
2
3 2755
3 1553
3 3654
0 3663
0 -1049
3 6298
0 -1209
3 1816
1 -2578
0 4329
1 6060
0 4866
3 5087
1 5786
2
3 4474
2
0 697
2
0 2701
3 6033
0 6429
1 3898
1 3278
0 3035
0 -811
2
3 1555
0 5553
0 4494
4
0 6511
1 6242
3 5502
0 123
0 -1648
2
0 4389
3 -963
0 5010
2
3 1537
0 4275
0 3623
0 6371
0 2157
3 1937
0 6958
3 6676
2
3 305
0 6248
1 3080
0 -2177
0 2523
1 2874
0 500
0 983
0 2238
2
3 2157
1 5094
2
0 1630
3 4821
3 3199
0 6672
0 -1938
3 6743
3 1921
0 6805
0 -992
0 2089
3 2406
3 -2183
0 3438
2
0 -945
1 3128
0 5481
3 2089
0 -468
0 -1473
3 3438
0 -2407
2
0 2480
3 5058
3 3035
0 1838
2
3 1973
3 2934
3 6327
3 1824
3 2319
4
3 3267
3 5272
2
3 4862
1 1838
3 6805
0 62
0 5529
0 -2570
2
2
0 295
3 4049
4
0 4311
3 1630
0 5564
4
0 5845
3 2378
1 1887
2
0 5068
4
0 -1447
0 -957
0 1701
3 6878
0 3860
0 -2998
4
3 2635
2
2
2
0 965
2
1 6248
3 -2510
0 -372
1 -1656
0 643
1 6040
1 2238
3 6672
0 3496
4
3 2921
3 1656
3 983
3 4180
0 5113
0 5853
4
3 4274
0 103
4
3 5564
2
3 3276
0 936
2
0 318
0 5283
0 -1252
3 4018
3 5845
0 -1252
0 -2672
0 -1678
1 5481
0 920
1 -1803
3 3663
2
1 2523
2
2
2
0 -206
0 5194
0 750
0 4381
3 2159
1 2074
0 2738
0 5614
3 5853
0 -874
3 4513
3 4911
1 -1300
2
2
0 -2015
0 -1895
0 -642
3 2473
0 4814
2
0 -1527
0 2352
3 4453
1 4372
2
2
0 -1612
0 4912
1 -482
2
0 5058
2
3 -109
0 2626
0 -1739
1 4329
3 5116
2
0 5694
4
1 2605
0 5556
0 3663
3 4275
0 2523
0 251
2
1 -1333
3 3278
3 -2337
0 -2327
2
0 76
2
2
1 6299
0 -34
0 2657
0 280
0 2875
0 1574
0 210
0 1701
0 2292
3 2188
2
3 3979
0 -2808
2
0 -630
2
3 2717
4
1 2657
0 -2678
3 2238
0 3860
0 1444
3 1773
3 2352
0 -2413
3 6156
0 -725
2
3 210
0 996
0 -2277
0 4451
3 4372
0 -2113
0 6299
3 2776
1 -1696
0 -2080
0 -2144
2
2
1 6248
3 4494
0 4707
0 1406
0 4879
1 2631
2
1 1574
0 4236
0 -253
2
3 5556
3 2626
0 -755
0 5450
3 3059
3 5694
0 -2902
0 4879
3 4888
2
3 2451
0 6235
3 3450
0 1574
3 5340
0 4707
2
3 6536
1 320
0 -1325
0 1464
2
0 1314
4
3 2480
1 5713
3 -675
0 6092
0 6276
0 6511
0 3602
3 4381
4
3 4311
2
1 6276
0 2292
0 556
1 4236
1 2972
2
2
3 2738
0 -1985
2
1 2300
3 3047
4
0 3648
0 1927
0 -1434
3 5113
0 -1268
4
2
3 6693
2
0 -1669
0 2964
0 -2444
3 6235
3 5614
3 2964
2
3 2292
3 2300
2
0 3958
0 -1043
3 4912
1 6542
3 6319
1 6958
3 1574
0 -2989
0 1452
0 3622
3 1314
3 965
2
2
2
0 4707
2
1 -1611
3 6299
0 -2064
3 4236
0 4433
0 1847
0 441
1 6342
0 2371
2
0 3880
3 2263
3 996
2
3 2044
0 -2729
3 4451
3 6429
3 2218
3 5152
0 -935
0 2931
3 6447
3 3648
0 6782
3 303
3 3623
2
2
3 3860
0 2631
0 4693
0 -2410
3 5846
1 6092
3 4389
0 -1390
3 -618
3 3080
2
0 -1343
0 -590
3 6092
0 -2308
0 -1410
3 5661
0 6782
3 3663
3 4567
3 6371
0 563
4
2
2
4
3 1452
3 6276
3 2523
0 -2318
0 -2209
0 4618
3 4618
3 1838
3 5058
3 4814
0 2642
2
3 4329
0 1439
2
2
0 1206
4
4
1 -590
0 2494
3 -1343
1 6242
1 1013
2
2
3 4672
3 -759
0 3880
0 2972
1 920
1 1927
0 1712
3 4879
0 1464
1 5529
0 3879
0 -2562
0 2334
0 -1686
0 -2368
0 2078
0 -1713
4
4
3 1206
0 1053
3 4544
0 306
0 1267
3 2642
4
2
2
0 4337
3 2648
1 -1686
0 -587
0 2553
3 2553
0 1712
1 3133
3 5554
0 4116
1 1701
0 6248
0 5786
0 3622
1 5553
0 5518
0 6754
0 -1435
0 6317
2
0 -1472
3 5450
2
0 2807
0 -1210
2
2
3 2078
4
0 -68
3 5786
4
0 2064
2
0 -1348
1 1927
3 4866
2
0 4619
0 -2469
0 2307
3 -68
0 1075
3 1439
0 5184
0 4641
2
3 750
1 -1103
0 -632
0 3620
0 4120
3 5010
0 -261
2
0 -2041
0 5569
3 2631
0 -501
0 1701
3 4641
0 -592
2
0 -898
3 3958
2
4
1 2371
3 -2449
4
1 4120
0 -1085
0 789
0 5839
3 -905
1 2657
1 6242
0 -2258
3 1466
1 4210
4
3 920
0 -510
0 3372
0 -1662
0 1777
2
3 -2120
1 -501
0 2371
3 2064
2
0 -1787
0 5053
3 -2024
0 5252
3 6511
3 4116
3 -343
0 -2161
0 -49
0 1993
0 1053
3 -261
0 6679
0 5738
3 6342
3 831
0 370
2
3 3620
2
0 4217
0 3706
0 -55
3 4217
0 1374
3 -49
0 790
0 3121
0 1281
2
0 6415
0 4621
1 6242
0 6757
0 -1194
0 761
2
0 1786
0 -752
0 5569
2
3 1786
3 2701
0 2674
3 4210
1 790
0 5469
1 1281
2
3 1847
0 204
3 3880
0 2821
0 -256
3 4386
1 -2041
0 5173
0 2980
3 5529
2
4
3 3074
0 -600
1 1075
0 5839
0 3372
0 4107
3 4120
0 4673
0 4895
1 4241
4
0 -1508
3 6060
3 2334
3 3622
4
0 5377
0 5377
3 5377
0 2147
1 3831
3 4337
0 -1933
0 1982
3 5738
2
0 -2763
0 2860
0 4899
0 -1824
0 368
2
0 2999
3 1639
0 1792
2
3 3128
0 -622
0 1543
3 6754
0 2504
0 2061
1 368
2
4
0 -29
0 3674
0 3514
3 789
2
2
3 5252
0 -2819
2
0 -2536
2
2
3 3133
1 -29
0 6214
0 6958
0 3197
1 1712
0 -144
0 1779
3 5569
0 5595
0 4900
2
4
2
0 5586
0 6018
0 5272
0 4535
3 1406
0 -2219
0 1950
0 2539
0 -2032
0 5921
1 -2531
0 6885
3 5921
0 4183
0 5283
4
0 1994
2
3 6138
0 -378
0 6198
2
2
0 5050
3 1444
1 6248
0 332
1 3141
0 -2818
3 4433
2
0 2136
2
2
3 6198
1 6635
0 2373
0 -2076
2
3 1993
0 3909
3 2136
1 1982
0 5151
3 2307
3 306
0 5972
0 1232
3 5173
0 -2010
0 -454
3 1053
0 175
1 368
0 521
2
0 1075
1 5518
0 2813
2
0 6780
1 1953
4
3 -29
3 1232
2
3 2539
2
3 370
4
2
2
4
2
0 3360
0 4854
0 1267
0 5742
0 6633
0 3978
0 -109
3 5283
0 3512
2
3 2931
0 3632
0 6544
3 4183
0 -2977
0 5774
0 1289
3 3197
0 1885
3 1267
1 2504
2
0 -2234
1 2814
3 6544
0 -1896
2
0 1746
0 3391
3 5838
0 6058
0 6885
0 963
0 3875
1 2674
3 3602
0 3071
2
0 3514
4
1 643
2
3 3750
2
1 5068
3 1777
1 3496
3 2807
3 5553
0 2357
3 2504
1 4273
3 2972
3 3879
0 2494
4
1 -2818
2
0 952
3 5151
0 -2955
0 2494
2
1 5184
2
2
2
0 2542
0 824
4
1 1701
0 3978
0 5595
0 -1907
0 5672
0 2152
1 5742
0 -2752
3 5050
0 2875
1 4693
0 652
3 6415
2
0 3892
0 -17
3 6214
0 1075
3 1281
0 4623
0 -2007
0 5899
0 6516
0 -2648
0 -2785
4
0 3518
3 1289
0 1927
3 4899
2
3 2357
3 6248
3 -2007
0 -174
0 4210
0 -650
0 5500
0 1063
3 1374
0 2973
3 2371
4
2
1 1973
3 4707
2
0 5976
2
0 -231
2
2
3 3892
3 6516
2
1 3706
2
0 4076
1 -85
0 4621
0 -689
1 946
2
0 3486
2
3 6757
0 5287
0 -1500
2
0 -1381
0 6870
3 4673
0 2980
3 3706
0 -2489
0 2480
1 3391
0 3149
0 1105
3 6633
0 1543
1 2674
0 3995
2
3 6813
0 3014
0 253
2
3 5774
0 6613
3 3372
0 -2385
2
2
0 6217
1 6469
0 2531
0 5033
0 -565
0 1255
0 5036
0 18
0 4982
2
0 3440
3 6780
0 911
3 3486
2
0 6873
3 3518
4
0 4446
0 -695
0 921
3 5068
0 4965
3 4895
0 425
2
2
3 4693
1 2542
0 -2940
3 2494
0 2778
2
0 30
0 4893
1 4619
1 1105
0 -2381
3 5595
0 5032
3 3909
0 -2190
2
2
0 315
2
1 3831
3 6217
3 3831
3 6317
3 2061
3 5839
3 1792
0 6677
0 -2366
0 4092
3 3512
3 1994
0 5244
4
0 2901
1 3978
3 6870
0 6555
2
3 1712
1 4623
3 2373
0 4774
0 427
2
2
0 5445
3 6697
1 5053
3 1779
3 4982
3 4619
0 -1968
0 -1106
4
0 3985
3 4230
0 3916
0 5830
0 2860
0 -859
0 2204
3 4965
1 5036
0 6750
3 5546
0 6303
0 1934
1 5287
0 -2128
1 3985
0 -834
3 4621
2
3 3121
3 5287
0 1634
2
2
3 921
0 5156
2
0 2843
1 2778
0 6870
3 6635
4
0 6216
3 4092
0 6954
0 6011
3 2843
0 90
0 1366
2
3 4900
0 5799
3 5400
0 2901
0 2835
2
3 2480
0 1715
3 4893
0 5555
0 6456
1 4774
0 -2194
3 -169
3 1255
1 4076
1 5975
1 2821
3 2054
0 -1721
0 4581
3 5469
0 3919
2
0 4446
0 4087
3 4107
3 289
3 1885
3 6679
0 5735
3 1927
0 3492
0 -1830
0 -1942
2
1 -1834
0 6313
3 3916
2
0 5236
2
0 2319
0 2141
4
3 1366
0 4018
4
3 6313
3 6018
3 5156
1 6958
0 6742
1 2067
3 3492
0 5169
2
2
1 -977
0 2610
0 -1424
2
3 2980
0 -2974
0 -565
0 -2288
0 2949
1 2835
3 5184
0 5932
1 4076
3 3360
2
0 6468
0 6140
3 5036
4
0 -1026
3 5518
0 4284
3 5500
0 4210
2
3 5272
0 -1221
4
0 20
2
0 1965
0 -1788
3 1934
0 -2681
3 1634
0 2778
0 5610
3 20
3 -1234
0 -1487
3 1075
2
3 5739
1 4701
0 5486
2
1 -502
3 5610
4
0 2361
1 4535
0 6160
0 -653
2
0 3690
1 5672
3 183
1 2973
2
0 1331
3 1105
0 4175
1 3995
3 3674
0 -1322
4
3 4854
2
4
3 5586
0 4912
1 3690
2
2
0 1468
3 5607
1 4087
0 4072
3 6677
0 607
0 2851
0 1396
3 6885
2
0 5538
0 -246
3 6555
0 -1746
3 4446
0 977
2
3 1566
0 2283
2
3 3149
2
3 5555
0 3473
2
3 5236
3 5032
3 3978
2
1 1965
1 4914
3 4076
3 1965
0 3378
0 -2221
3 6782
0 6196
4
1 5486
0 -1944
3 2851
4
0 508
3 5843
3 2531
0 4217
0 -1122
1 4912
4
0 -1367
0 6312
2
2
2
1 5194
3 4072
0 6188
4
3 6188
3 743
0 6343
3 6613
3 5169
0 2778
3 6958
0 1715
0 3360
0 259
1 4217
0 1180
0 -1585
4
1 2813
0 5692
0 5799
0 4230
0 165
2
0 -741
3 5830
0 2370
3 1950
3 5742
4
1 -1543
0 3474
3 3690
0 3071
0 1722
0 -2761
0 -597
0 1751
3 2361
3 2542
3 4217
3 6140
0 -2774
0 6172
0 1608
3 -1298
0 748
3 3391
2
3 6742
0 -2239
3 3192
0 2152
3 -2595
0 327
0 4426
1 2674
3 6172
3 327
2
3 4774
2
2
0 3374
3 4210
0 4755
0 4699
2
0 1720
0 1204
3 6196
0 -1307
2
0 894
0 4471
2
3 5033
1 3875
2
0 1608
3 2901
3 5538
0 3958
1 3440
3 2835
3 1379
0 -421
3 6343
0 -1603
0 1456
3 3163
3 894
0 5020
3 3374
0 6083
0 2317
3 2433
0 -2465
1 6456
0 1819
0 5882
1 4535
4
3 1180
0 1754
0 -866
1 2610
0 3922
3 259
0 3711
3 3958
3 5799
1 4175
0 3692
3 3632
0 1945
3 6058
3 1720
1 1982
2
0 -284
2
2
0 4147
2
0 929
0 -2123
0 5232
0 -365
2
0 -2173
2
0 5020
3 1982
0 1158
1 5976
0 340
1 3473
2
2
3 4581
3 5481
0 4176
0 6878
0 3496
2
2
4
3 2999
4
4
2
3 2317
0 4271
0 4710
3 6083
0 -2283
0 5134
0 4757
0 -2216
3 -2216
0 2821
0 858
0 85
2
2
0 2813
3 5976
0 577
0 3980
3 2657
3 1543
0 -1777
2
0 2304
0 -637
0 5985
1 5972
2
3 3875
2
1 5053
0 6096
3 5445
3 2319
0 4281
3 5692
1 2829
0 506
3 1456
2
1 5932
2
2
0 4567
0 3316
0 -2212
4
0 3378
0 4468
0 5433
0 3987
0 6954
3 2304
3 4567
0 -1135
0 -1153
0 4894
0 1865
0 6837
3 3551
3 4271
1 3014
3 5053
2
3 6096
2
0 -2848
4
1 6303
2
3 -2992
3 1468
0 4803
4
0 4670
3 5932
2
0 -1371
0 4311
4
0 4230
2
0 521
2
3 3496
0 5788
4
2
2
4
1 3440
0 5144
3 5244
0 4552
1 3692
3 4087
3 3316
3 3987
0 -1951
0 -1869
1 92
0 508
0 1592
2
4
3 3267
0 1382
2
0 3600
3 4281
2
3 3014
3 3473
2
2
1 3692
0 2680
0 -1523
2
2
2
0 6280
0 3674
0 2132
1 1865
2
0 853
0 4230
3 2147
0 947
2
0 5464
3 4623
3 3071
1 4912
0 123
3 5134
3 5985
3 5232
3 3600
2
2
4
1 5788
3 3514
1 2674
0 2661
0 56
0 6878
3 3674
3 1715
4
2
3 2860
2
3 2674
0 452
3 4426
3 4552
4
2
3 2141
3 6837
0 -2291
0 5771
2
3 4535
3 2661
0 -2023
2
4
2
2
3 4755
0 1707
0 6216
0 6463
0 -95
2
2
1 1754
2
0 2562
0 1630
1 4468
0 5487
0 -2112
1 2778
0 3922
2
4
3 3995
3 5486
0 1689
0 2958
0 6954
3 5020
0 943
0 4941
2
3 4803
1 4710
3 3440
0 4805
3 4311
3 1945
0 1413
0 6413
3 2813
0 142
3 4284
2
0 1597
0 -755
3 4710
1 1275
3 2958
1 6011
3 6242
0 4766
0 -1610
0 -1106
0 6738
0 1661
0 4543
0 5159
3 -143
0 2961
3 6010
3 6456
0 2238
2
1 2702
0 2700
0 2539
0 968
2
0 2437
0 3565
3 2204
0 -2395
1 -1119
0 4742
3 6413
3 4717
0 5568
0 2692
0 4898
3 5899
2
3 5194
4
0 -1376
3 3378
4
3 2202
0 270
0 -2209
0 -1309
0 5692
3 2152
3 2539
1 3980
2
3 2778
4
3 1440
0 5830
0 107
0 5602
1 6216
0 559
0 979
0 -1549
0 5159
0 5072
3 6160
0 4497
3 2610
0 5992
0 1458
0 3476
2
0 3273
3 -1309
0 4929
0 1562
3 2562
2
0 -2164
0 611
0 3195
0 2238
0 -1821
2
3 107
3 4018
2
0 4786
3 5992
3 611
3 1459
2
3 968
3 4828
0 -2050
3 6303
0 -1362
3 2680
0 3892
3 1413
0 1139
2
0 -1771
2
1 6011
0 2512
3 4766
0 5568
3 -2328
2
2
0 4467
2
0 6368
0 774
1 1630
0 2409
2
0 -194
0 -1311
0 -1795
2
0 1235
2
2
2
2
2
0 -1198
2
3 2961
4
0 3878
0 6273
2
0 -473
0 -754
2
2
0 -2321
3 6468
3 4898
1 6216
0 2855
4
0 -1348
3 1562
1 2855
0 4126
2
2
0 -2119
0 4103
0 1098
1 4786
3 4467
1 4670
0 1036
3 -2235
0 5464
0 4938
4
0 205
0 6939
2
3 3980
2
3 3273
1 -2854
0 1491
2
3 3692
0 1488
3 4543
0 4929
0 -2812
0 919
2
0 5537
0 3094
2
2
2
0 1661
0 6027
3 1491
3 2855
3 6280
2
0 -1393
0 6825
4
0 4141
0 -2804
0 4671
3 2512
3 2078
0 -31
3 3892
0 4699
0 2288
2
3 6870
0 4954
0 3876
0 -44
3 3360
0 5771
3 2437
4
2
0 -2603
2
1 5882
3 5568
0 2973
0 5181
0 -2058
3 -44
1 6939
0 6089
1 5771
0 5110
0 4175
0 -270
2
2
2
3 2640
3 5788
3 2821
3 59
0 5072
1 5110
3 6089
2
2
4
3 2731
0 3186
0 6498
2
2
3 4126
0 652
3 6368
0 -1917
3 6954
1 6825
3 4176
4
3 5072
3 6312
3 4175
4
3 5692
1 6825
3 2238
0 6057
0 2863
0 -2982
0 17
0 5830
0 3581
0 1705
0 3769
1 1095
0 -1622
4
3 6070
3 -2775
0 3494
3 4912
0 5262
0 -2576
0 3501
1 5262
1 5602
0 539
0 -838
0 1080
0 783
3 4670
3 6873
1 783
3 6027
3 6273
0 441
0 3165
0 1464
0 1450
0 1827
0 1114
3 4699
0 783
3 260
1 6290
3 4894
3 -838
0 4904
0 -2699
0 -2393
1 -2576
2
3 6750
0 209
2
2
0 1163
0 -2121
3 6463
0 1016
0 4954
2
3 2949
3 -2494
3 3922
3 3581
0 -2350
0 5689
0 -682
3 6825
0 -2186
0 3892
2
0 4724
2
0 3627
3 2283
3 4468
0 -489
1 1248
3 6878
1 4904
2
0 5454
1 6939
0 6967
1 4742
3 3892
3 3565
1 5602
0 4605
0 5189
0 6040
2
0 4395
2
0 1359
0 1160
3 4322
2
0 5736
3 4757
3 5433
2
0 675
3 1359
0 2278
1 2559
0 5894
4
1 4770
3 3501
0 5052
2
2
0 -2672
3 5830
0 -2636
1 5487
4
0 1669
3 5487
2
0 475
0 734
0 32
1 4724
0 4240
2
0 -1356
0 215
0 2853
4
3 2409
0 2181
0 5233
0 3801
0 4263
4
0 328
2
0 198
0 25
3 4938
2
0 3442
0 5335
0 -1287
3 1464
3 1865
2
3 215
4
1 6216
2
0 4069
0 6263
3 6216
1 6011
2
0 1346
0 2353
2
0 -2570
2
1 3985
3 4954
3 5882
0 3688
1 -2722
2
3 6967
2
0 2093
0 6917
0 5303
0 4785
1 783
1 2132
1 5689
0 6114
4
2
4
2
0 3658
3 4497
0 -364
3 3165
0 -1261
0 1895
0 136
0 -2146
3 3494
3 3094
4
3 3476
0 108
0 3989
0 -2775
0 2733
0 2157
2
0 4786
3 5181
0 2602
1 -2146
0 4653
0 1008
3 5672
2
4
1 5972
3 1160
4
3 1016
3 4395
3 675
0 292
0 5434
0 -2510
2
0 5329
3 6011
4
0 4910
3 4805
0 -493
3 -2427
1 1827
3 4069
3 3688
0 6964
0 5126
0 4139
2
3 2692
4
3 2602
3 3614
0 2989
0 4727
0 2303
0 594
2
2
1 5262
0 6827
0 70
2
0 6483
3 2093
3 2733
3 4904
3 5233
3 584
0 2354
0 2591
0 -1047
3 6498
1 2354
2
3 2288
3 1450
0 2135
3 1080
3 1163
0 2686
2
2
4
4
1 2181
0 -385
2
1 1346
0 1061
0 2056
3 5303
3 1114
3 4910
0 6015
0 196
3 2132
4
0 -1787
3 4605
0 5894
3 5736
0 3442
2
4
0 -2506
2
0 3260
1 4785
3 5735
3 1061
3 5602
1 4228
1 2370
0 6454
2
0 2029
0 -575
0 2530
3 4263
1 962
3 2354
0 4318
4
3 3801
3 3989
3 -575
1 4141
1 4941
3 1895
2
4
2
2
3 3919
0 1057
0 -1248
2
0 260
0 3559
3 4103
1 1057
0 4977
4
0 -2427
3 4785
2
0 4724
3 6964
3 5719
4
0 496
0 3282
0 -2175
1 1065
0 1396
0 5953
0 6283
0 3077
0 260
0 2674
3 5329
1 3876
2
0 -762
3 5262
3 1705
3 3876
0 222
3 23
0 3929
3 6917
0 4613
3 4727
1 2876
0 5422
0 -332
0 -2948
1 4230
1 4941
0 -62
2
0 -2105
2
1 1669
1 4786
2
2
0 6276
0 -559
3 3985
0 4326
2
0 -2552
1 6827
2
1 -1138
3 -2149
0 4108
3 6263
0 841
0 -1701
0 4337
3 6114
0 1859
2
0 3608
1 2303
1 6276
1 577
3 3878
3 5387
0 546
0 3260
0 3743
2
0 -1515
2
4
2
0 6289
0 6662
2
3 2989
0 -2710
3 1396
2
1 2181
3 841
0 -2774
0 6312
3 3559
3 4929
3 3402
0 2733
0 -1405
0 3977
3 5144
0 442
2
1 5894
3 5422
0 5896
0 5544
3 5350
3 2700
1 5159
0 4186
3 1213
0 9
0 1437
0 -2343
0 6251
0 6492
3 4141
3 2530
0 -2906
3 3195
3 1859
1 2353
0 416
2
1 1586
0 3260
3 3268
2
1 -2882
1 5205
0 2922
1 3260
4
3 -1405
2
3 2181
3 3077
0 6248
3 4108
0 6057
3 5159
4
3 1827
2
2
2
0 521
2
0 6201
3 4471
2
0 3929
0 48
0 -759
3 4742
0 -621
3 5052
2
3 4186
0 2766
3 6827
0 -147
3 2056
0 6248
0 396
3 6201
0 2502
2
0 6554
1 4941
0 -2584
3 1942
0 -685
0 -2458
2
1 3824
2
3 6554
4
1 5896
3 -1848
0 972
4
0 1737
0 391
3 6483
0 -424
4
3 2875
0 3609
0 -752
4
4
0 -2510
0 6952
3 5464
3 4671
0 3682
0 -909
0 217
2
0 -2832
3 3627
2
0 6678
0 3951
0 3729
1 -145
3 396
0 6381
0 4451
0 -2971
0 595
0 3711
0 4337
4
0 -685
0 2731
4
2
0 4366
1 2766
0 6856
4
2
2
3 3282
3 3951
0 5684
0 2674
2
0 -2634
0 2502
0 121
0 -1636
3 4724
3 6744
0 3916
2
0 -1143
1 972
0 -2218
3 6015
3 6057
0 2333
0 2434
0 2403
3 6678
3 5978
2
3 4977
0 3608
2
0 5894
0 -2672
3 5953
3 6492
4
0 5335
2
3 2922
0 4613
2
3 2434
2
3 2694
0 2207
1 5335
3 3898
3 6856
1 1669
1 2278
2
3 4318
3 3743
0 3268
1 2733
1 2731
0 -925
1 3186
2
0 5595
1 1057
0 5400
0 6651
1 4451
1 4240
0 3695
0 -1821
0 -1893
0 5478
1 2303
3 5189
3 2403
2
0 5941
2
0 1669
0 5300
0 2939
1 793
0 3041
0 2199
2
0 -2936
0 4927
0 -1222
1 -1411
3 2973
2
1 6381
0 2607
3 1737
1 5689
0 239
0 -524
0 -1336
2
3 2607
2
0 3916
2
1 2674
3 6651
3 5689
1 4240
1 3711
2
0 239
2
0 3704
0 2802
0 5481
3 6312
3 2303
3 3474
3 6382
2
2
0 -674
3 5894
0 -1465
3 2591
0 5220
0 1764
0 -1102
3 2802
0 -2604
0 4962
0 6939
2
2
3 -350
2
1 4139
3 5537
0 683
0 5395
3 5478
0 5105
0 110
0 5506
2
2
2
2
2
3 3711
0 2899
0 -38
2
2
2
3 5481
0 4322
3 5595
0 5217
0 6251
3 5544
3 6939
2
3 4862
3 4322
3 -247
0 2893
0 466
2
0 2524
0 4123
2
0 4880
2
3 6738
0 -1537
0 6058
4
3 6276
3 3268
1 5506
0 6205
0 2502
0 2581
3 2674
0 -2786
0 5059
0 -1433
2
0 -535
2
2
0 3504
3 4240
3 5335
0 3640
0 1657
4
0 5013
2
3 4123
2
0 -1262
3 4366
0 -400
0 2618
0 -2236
0 1841
2
2
0 3731
0 4979
3 4139
0 3091
0 1235
2
0 3682
2
3 3640
2
0 4941
0 115
1 4002
3 2581
3 5896
3 3061
0 4337
1 -2744
1 2893
3 4979
0 2191
1 4941
3 115
3 3731
0 4786
4
1 2863
0 -2311
0 6681
1 5767
0 4840
3 5013
3 5454
0 3295
0 -2661
0 135
2
0 2825
0 704
1 -1606
0 1888
0 -2942
4
3 4613
2
3 3295
0 -1981
0 6534
3 2191
0 -1180
1 3471
2
1 2135
0 2464
2
3 3608
0 1841
0 1529
0 -1801
3 3091
2
3 5059
1 2248
2
3 6952
2
3 3704
3 4962
2
0 1637
3 6381
1 1936
1 5941
3 2939
4
3 5110
0 5771
1 2825
2
2
3 2370
0 2797
0 2518
4
0 -2937
1 3929
2
2
2
1 3769
0 6806
2
0 6666
0 4328
2
0 -2071
0 1674
0 4857
3 2731
1 4326
0 6780
0 2535
4
0 523
3 3609
2
2
0 -2337
0 -119
2
1 5126
4
2
0 4194
2
0 5343
2
3 -1712
0 5105
0 6555
0 -2387
0 2056
3 6040
3 5220
3 5105
3 5126
0 4978
1 2825
4
0 1655
2
1 3442
2
0 3076
0 3442
0 -835
0 4025
2
2
4
2
3 2766
2
1 4778
0 3082
0 4194
3 4194
3 6662
2
2
0 2105
3 5684
0 6170
2
0 -1271
0 -2162
0 -1729
0 3314
2
0 5210
3 6454
0 -1432
1 -2173
1 5890
4
2
0 3041
3 4978
0 -2030
3 5217
1 3976
3 2733
3 5506
0 4927
0 -2036
0 1923
2
1 3260
0 5343
3 2535
0 4028
1 6806
2
0 939
0 2764
2
3 -1208
0 679
0 5826
4
0 3964
0 5659
3 5826
1 -891
0 2474
0 801
0 4518
0 6848
3 2764
0 -963
3 1923
0 3294
2
4
0 5919
2
3 3769
0 558
0 -1724
1 3590
2
0 5410
0 4795
1 3682
0 4653
0 6806
2
3 6666
0 -2409
0 1105
2
0 1546
2
0 -1206
3 3977
1 3082
2
2
0 6417
3 5400
0 6291
0 -1924
3 3658
0 6318
0 3682
0 3407
4
0 4851
1 4786
1 3504
2
2
0 785
3 6170
1 4941
2
2
1 2353
3 -861
0 6683
2
1 2797
2
3 4147
2
3 6251
0 -2324
0 5410
2
0 6318
3 6022
0 4326
0 -2865
0 -1479
3 2825
0 -2410
0 -1406
3 2686
0 845
3 2863
0 3148
3 6205
0 4418
4
3 6248
0 1404
0 3559
4
2
3 3148
4
0 -2124
1 4880
3 2524
3 6417
3 3082
0 -1472
1 2618
0 -2647
0 4840
1 6848
3 6534
0 6983
1 2518
0 979
4
0 6831
0 -1479
0 2853
0 4533
0 1394
3 4880
4
2
3 4533
3 6283
0 -2746
1 5300
2
0 6816
3 2810
2
0 1681
4
0 -967
3 -2124
0 6137
0 5724
2
3 3314
1 4418
1 6354
0 6944
3 4840
3 4941
0 3184
0 4015
2
0 4163
0 -2008
0 -1306
2
3 5005
1 5659
1 6683
3 5771
1 -963
2
0 3077
0 5210
3 2517
0 2867
3 6683
3 5387
0 2462
0 -68
0 3732
0 3923
3 5997
0 -2674
3 4857
0 -2782
2
0 1211
3 2502
0 -111
3 3294
0 -1819
2
2
0 -143
0 -45
0 3042
0 1476
0 3602
3 3584
0 725
0 3127
2
0 5356
0 5037
0 5690
0 4292
3 6816
0 -1111
3 -714
4
4
1 757
0 6845
0 3854
3 5356
2
3 2474
3 -2335
0 222
3 3186
0 1919
2
3 5170
0 1796
0 6656
0 5153
3 5941
0 2818
0 -2721
2
0 -304
3 6944
0 84
3 4795
4