10000
1000
1 -2770
0 -607
3 2169
3 -607
0 1755
1 780
0 4763
0 -1403
0 6810
0 5371
0 1755
0 1696
0 4763
0 5641
1 6810
0 6043
3 6810
3 -1403
4
3 6043
0 -1202
3 1755
4
0 5641
0 2776
0 1925
0 5172
0 5885
0 4841
0 6149
3 1696
3 1925
0 2052
0 -660
0 2393
3 4763
0 5313
0 2922
1 -1202
2
4
3 2052
0 -444
3 5313
3 4841
0 5856
0 4445
1 5000
2
0 3536
2
0 6822
2
0 478
3 6822
0 2039
1 5885
0 6290
0 6309
0 3821
3 5885
2
0 -2603
3 -355
0 6290
3 -2592
2
0 -1079
2
3 3086
2
3 5018
0 127
3 2776
0 -2140
0 335
3 5641
3 1105
0 -818
3 2922
2
3 127
0 3419
0 -818
1 3821
0 -3001
0 6990
0 -595
3 5856
4
3 335
0 -818
3 -595
0 952
2
0 881
0 6285
0 391
1 4445
0 6285
3 6149
2
0 3536
3 6269
3 881
0 987
0 513
0 4957
3 952
2
0 3563
2
0 3419
0 1999
4
0 5831
0 4957
3 6290
0 1953
0 591
4
0 4769
0 2379
2
1 6990
0 -982
0 5987
4
0 6309
4
3 4957
0 5172
0 -2180
2
0 4231
0 -1886
2
0 -1377
0 5299
1 6285
0 -969
3 6285
0 1663
2
0 1143
3 -969
3 4769
3 5371
2
0 -2439
0 3826
3 4445
0 2379
4
1 1953
0 3821
3 1143
0 4021
0 764
0 5130
0 5294
3 3536
1 2379
0 987
0 5440
0 4517
2
2
3 3563
0 3892
1 3126
0 2824
0 2390
2
0 3532
3 5172
3 2824
0 6190
4
3 1663
0 6616
0 6940
2
2
3 6190
0 -29
3 5831
0 5365
0 1642
0 5295
0 741
2
0 6745
2
2
0 6033
0 4298
0 6745
0 3160
0 6522
3 -1760
0 -2330
4
3 4410
1 2379
4
0 -1294
3 3892
2
0 870
0 4360
3 5440
1 -1294
2
0 5561
0 3826
0 5207
1 5207
0 -1279
0 988
0 6045
2
2
1 3532
0 4140
0 4735
0 6927
4
0 5987
0 1630
3 4298
3 5130
1 6940
0 5229
0 -1179
3 3694
2
0 2607
3 4140
3 5299
0 -900
0 5750
4
3 3419
0 -565
0 -2166
0 -1491
1 6033
0 2845
3 6033
0 5261
1 5295
3 5561
0 -2191
2
1 -900
1 4231
1 5295
2
0 174
0 1995
0 -1683
0 4740
3 3821
2
0 661
3 4021
4
0 -2900
4
4
2
3 6616
0 -2070
0 1383
3 2607
3 4735
2
0 253
0 1573
3 1995
0 5346
0 1638
1 3713
0 1789
4
3 6045
0 5968
2
0 661
0 253
2
1 5261
0 1555
0 6675
2
3 6940
0 -2717
2
3 5365
0 -2075
3 5229
0 -2632
3 6745
3 1383
3 1630
1 5968
0 3099
1 5261
2
2
0 1555
3 253
0 353
0 932
0 6290
2
3 1480
2
0 -2108
3 988
2
2
2
3 4740
3 1573
3 3160
3 5261
0 -1606
1 6990
0 4054
0 1900
0 3794
0 -2400
3 4231
0 -1653
1 5968
1 6675
0 2324
0 3405
3 4517
0 1323
4
0 -2084
0 5346
3 -803
0 -470
3 5346
0 -1378
0 6630
0 3532
1 1638
3 3826
3 1323
2
0 -2778
3 2299
3 1638
3 6116
1 4054
2
0 6400
4
1 5987
2
1 6290
3 5563
2
0 319
3 319
3 3532
0 1538
0 2379
2
4
2
2
3 1555
3 4054
0 1979
1 5206
1 1783
0 5750
0 -2163
0 -566
0 -2958
0 2023
0 -379
0 -1028
0 -637
2
4
0 -352
3 2375
3 -352
3 6290
0 2860
0 6998
0 113
3 -566
0 4232
3 2845
3 1789
0 721
0 1342
1 6630
0 -1579
0 2545
3 4360
2
0 -2223
0 504
0 -2213
0 -2759
3 2484
3 6630
0 2616
0 4107
2
2
0 4595
1 2390
3 6522
0 -2124
0 2154
0 4242
3 3099
3 2324
0 -1615
0 -200
3 5294
0 -812
0 1388
2
0 191
0 -1452
3 191
3 6998
2
1 8
0 4632
1 -1898
0 -1713
0 4956
3 5987
1 4107
2
0 -1970
1 6309
1 2860
0 6439
2
1 5207
0 2700
2
3 2154
3 2390
3 -1579
3 721
3 4242
2
3 1388
0 2871
3 6400
0 4195
0 2186
1 1342
0 -2744
2
0 4738
3 4232
0 -2855
0 3355
0 4680
1 4995
0 3706
0 6960
1 6309
1 4107
0 4972
0 6960
3 2871
1 5968
2
3 2186
0 651
0 5571
4
0 -1931
1 -1931
0 4956
2
3 1342
0 5518
1 4107
0 1553
0 476
1 4607
1 6514
2
3 2860
3 5518
3 -2328
4
0 -1405
3 6675
0 4197
2
3 4972
3 239
0 2250
0 3529
1 3405
3 5968
3 3355
0 2093
0 -357
0 1621
3 6990
1 -379
0 2446
3 3692
0 -2551
0 6061
1 4680
2
0 2692
4
0 -2779
0 -1147
3 4107
3 2023
0 3676
3 6960
0 1227
0 -1490
0 3635
3 1553
0 4942
3 1227
3 -1340
0 5497
0 -1615
1 1900
2
0 4308
4
3 4195
3 6423
0 6861
3 504
0 1538
1 1751
2
3 4738
3 2616
2
0 4296
0 3706
1 6449
2
3 2093
3 5219
3 5750
1 113
0 -659
3 2504
3 4942
3 -474
3 1538
3 2325
3 6439
0 -812
4
0 1919
0 5273
3 5497
0 4615
0 -255
0 1458
0 -255
0 5256
3 6061
3 5273
4
0 5869
3 2700
0 5297
3 113
0 6722
0 -200
0 2663
0 2998
0 1257
0 4766
0 389
0 2777
3 -255
0 6536
1 2545
2
3 -200
2
1 -1279
0 2569
3 4680
3 3706
3 2998
0 -914
0 5494
3 1621
0 4311
3 4296
0 6323
0 172
0 -1258
0 3152
0 6861
0 5304
3 4595
3 3635
0 -33
2
0 4956
2
3 3152
2
1 6309
0 3752
0 4206
2
3 -357
0 -257
0 5116
1 6536
0 3878
3 4308
0 3878
3 4311
3 2545
1 5304
0 -979
3 4615
3 2446
0 -1406
0 1101
0 6348
3 5297
0 1498
4
0 4766
0 4053
3 3676
3 2379
0 -1566
3 6927
3 1498
2
0 1438
0 5675
3 5494
3 425
0 -47
0 1943
3 4766
0 -280
0 -2252
0 3967
2
1 4206
1 1438
0 3116
0 4691
0 6323
2
1 476
2
2
2
0 5860
0 -1688
2
0 6619
0 1159
3 4053
0 6320
0 2777
0 1391
0 3826
0 -1516
0 -688
0 5339
2
0 -13
2
2
0 3142
2
3 5860
3 5571
2
4
0 512
0 5351
2
0 -871
3 3967
0 4633
1 6348
2
0 3830
0 3891
0 1981
0 -2403
2
2
0 -1161
3 5869
0 -1050
2
0 -1948
0 -1533
0 -2222
0 870
3 4633
3 5256
2
1 6536
0 2569
0 4698
3 3142
2
0 4326
0 6805
2
3 4691
2
3 1159
0 3489
2
3 6323
0 -1820
0 6030
3 1438
0 -989
3 4326
0 6351
1 1261
0 3267
0 -121
3 2346
2
3 3183
3 870
0 4115
0 4197
0 2174
3 3489
1 3126
0 6962
0 3668
0 6177
4
3 2174
0 3195
0 56
3 6926
3 1391
3 -238
2
0 58
0 -866
0 1106
2
2
3 6536
0 560
0 -2192
0 6599
0 5449
0 310
3 3830
0 1101
0 -1109
2
0 -3001
0 -2822
1 -3001
0 3116
2
3 3116
3 3891
2
0 2950
3 2250
0 -17
3 6320
0 1902
0 3752
4
0 -2501
0 6931
1 4613
3 3794
0 549
0 1979
2
0 3236
0 6993
2
0 -1617
0 2645
3 -997
0 -2133
3 1257
3 2950
0 -183
3 1106
0 -591
2
0 100
3 651
0 4913
3 -1074
2
0 -31
0 116
0 -2328
0 2701
0 5364
4
2
3 5304
3 5351
0 3485
0 1138
0 2151
3 5295
2
2
0 -2747
3 926
0 -2410
0 435
3 3826
1 6619
2
2
1 6962
2
1 6351
0 6924
0 4816
0 -2066
0 -193
0 -96
2
3 6861
2
4
0 327
3 -1413
0 4819
0 4567
0 1004
4
3 1919
0 -1908
0 -803
0 4308
0 -416
1 6931
1 6909
0 4487
0 4904
0 6722
1 6805
0 4848
3 3236
0 -828
0 4652
0 -293
2
0 4846
3 512
0 -1848
2
2
3 6348
2
0 -2510
2
0 -406
3 5449
1 -2504
0 3216
0 2052
2
2
3 -2097
3 435
3 4698
3 4632
3 -1329
2
1 5764
3 3195
0 4013
3 6805
2
0 5225
0 -2059
3 4846
0 4206
3 1004
2
0 4552
0 2099
0 5634
0 3878
3 5675
3 4816
0 6940
2
2
3 4956
0 -2733
0 252
0 1271
0 5171
3 6619
2
0 2099
0 3553
0 3982
0 11
0 4123
0 -2665
0 1138
0 4368
0 4287
0 -393
3 1902
2
3 5320
2
0 -1300
0 5716
0 4330
0 3286
3 2151
4
0 -1613
1 1458
1 3878
1 3405
3 1138
0 -1853
4
1 -1613
3 -832
3 -1300
3 2701
0 1931
3 6309
3 6924
3 2777
0 -186
0 4308
0 1052
0 450
0 4992
0 5762
3 4197
0 -67
1 3878
0 -776
3 -100
0 -2171
3 4308
2
1 4013
3 1931
3 6177
0 1621
0 5171
3 5339
0 -17
4
3 -67
3 252
0 3296
2
2
3 4652
3 327
0 13
0 2040
3 6931
4
